# ID	x	x_err	y	y_err	mag	mag_err	re	re_err	n	n_err	q	q_err	theta	theta_err	chi	flag	chi2	nfree	ndegrees_freedom
19771	149.3548  0.8836	151.8073  0.6874	27.7508  0.2752	2.2973  1.2860	0.4227  2.1615	0.4801  0.4739	-71.0064  44.3854	0.5967733	0	53704.8260272484	8	89992
6109	150.2479  0.0000	148.1997  0.0000	23.8283  0.0000	1.000e-02  2.032e-24	0.1418  0.0000	0.0500  0.0000	14.7769  0.0000	0.7378511	2	66400.6960120102	8	89992
11220	148.3033  0.6033	151.1071  0.5791	26.2960  0.1468	6.7602  0.7604	0.0637  0.3046	0.6146  0.0976	-88.0558  12.8700	0.6308775	0	56773.9276083131	8	89992
20316	146.3637  0.8444	148.0632  0.6150	25.6727  0.1111	10.1885  1.0408	0.3359  0.1632	0.5715  0.0682	-68.3421  7.3938	0.6539727	0	58852.3165057186	8	89992
12132	-99 -99	-99 -99	-99 -99	-99 -99	-99 -99	-99 -99	-99 -99	-99	-9	-99	-99	-99
16102	149.4468  0.3119	149.9468  0.2995	23.2798  0.0350	10.3729  0.4868	1.1375  0.1080	0.9223  0.0409	-34.6779  20.3039	0.5985578	0	53865.4185294644	8	89992
16999	151.6710  16.2123	150.6756  23.8802	25.2223  174.3090	2.531e-03  1.032e+00	18.3274  1195.1482	0.0244  0.4791	-36.7833  55.9534	0.567879	2	51104.5618045018	8	89992
12389	-99 -99	-99 -99	-99 -99	-99 -99	-99 -99	-99 -99	-99 -99	-99	-9	-99	-99	-99
20413	151.9477  0.0000	148.7911  0.0000	28.4294  0.0000	7.970e-03  4.888e-09	1.4296  0.0000	0.3166  0.0000	-78.4247  0.0000	0.6541126	2	58864.903204009	8	89992
5929	148.3104  0.9393	150.4714  0.3742	25.2137  0.0801	17.7791  1.1642	0.3649  0.0979	0.2284  0.0248	81.4557  1.6018	0.5662335	0	50956.480234881	8	89992
13123	-99 -99	-99 -99	-99 -99	-99 -99	-99 -99	-99 -99	-99 -99	-99	-9	-99	-99	-99
14557	150.9763  0.4806	146.7378  0.3441	25.6158  0.7715	22.1563  54.8350	19.8866  26.2286	0.0734  0.0332	-80.3617  1.9717	0.6268635	2	56412.7020081286	8	89992
14015	149.4810  0.0000	148.8687  0.0000	27.8649  0.0000	9.825e-03  1.677e-08	0.4443  0.0000	0.2482  0.0000	-16.3125  0.0000	0.5966316	2	53692.0714643099	8	89992
9741	-99 -99	-99 -99	-99 -99	-99 -99	-99 -99	-99 -99	-99 -99	-99	-9	-99	-99	-99
10220	148.3446  139.6886	150.1543  424.4457	26.6017  873.7057	0.0113  17.2504	2.1097  19671.8477	0.0247  245.7669	-11.5423  6792.4868	0.6293708	2	56638.3391707074	8	89992
19489	-99 -99	-99 -99	-99 -99	-99 -99	-99 -99	-99 -99	-99 -99	-99	-9	-99	-99	-99
15614	149.8068  23.7263	150.2187  8.5884	23.5929  579.8645	8.517e-03  7.651e+00	2.0767  20.0289	0.0267  30.3637	69.0161  387.0652	0.9534517	2	85803.0255329823	8	89992
17959	152.0296  6.2752	150.5756  1.1089	28.3504  3.1084	4.6129  34.5302	19.9908  175.9368	0.0432  0.2107	72.8891  13.5780	0.6320866	2	56882.7350696638	8	89992
11292	147.7059  1.0732	149.2270  1.5039	27.5409  0.2911	4.9345  2.1582	1.0464  1.3423	0.3787  0.2578	-12.1409  21.0926	0.850021	0	76495.0886802444	8	89992
11871	167.0025  0.2574	243.9898  0.1535	21.2429  0.0137	23.8795  0.3836	1.3345  0.0412	0.5549  0.0092	72.5846  0.8787	0.5761349	0	51847.5324888178	8	89992
21187	149.2443  0.1082	150.4541  1.5199	27.3868  1.7639	2.0836  6.7646	15.1620  60.3792	0.0206  0.1012	-0.6328  3.0062	0.6157139	2	55409.3246764276	8	89992
8188	-99 -99	-99 -99	-99 -99	-99 -99	-99 -99	-99 -99	-99 -99	-99	-9	-99	-99	-99
20709	145.9859  4.4253	150.1694  3.3676	27.0857  27.3315	0.0110  1.2386	19.6646  614.3077	0.4753  6.0940	24.9770  370.6501	0.6512204	2	58604.6226805959	8	89992
17615	149.3551  0.2340	154.0980  0.1581	23.8121  0.6228	0.0384  0.1155	19.9971  21.4505	0.5053  0.1270	-18.9897  13.5635	0.7501631	2	67508.6786702406	8	89992
17296	151.2411  5.3331	149.0640  0.4503	27.6317  1.4898	7.8734  35.1844	14.0231  56.8593	0.0500  0.1319	72.8250  8.1568	0.6409809	2	57683.1526876682	8	89992
12918	148.8083  0.7643	151.6346  1.0976	26.5217  0.1726	7.0219  1.3257	0.4362  0.3573	0.4906  0.1301	6.3824  12.0873	0.6422247	0	57795.0856646901	8	89992
19261	-99 -99	-99 -99	-99 -99	-99 -99	-99 -99	-99 -99	-99 -99	-99	-9	-99	-99	-99
19442	172.9726  0.2308	121.7835  0.4147	22.8483  0.0293	17.9601  0.6128	1.2018  0.0899	0.4685  0.0193	22.8347  1.5484	0.6074534	0	54665.9478950085	8	89992
21024	-99 -99	-99 -99	-99 -99	-99 -99	-99 -99	-99 -99	-99 -99	-99	-9	-99	-99	-99
13893	149.6929  0.3226	149.2615  0.3075	24.8566  0.0807	4.6174  0.5716	0.7355  0.2484	0.9085  0.1032	-49.1031  48.3775	0.6582873	0	59240.5882576982	8	89992
13783	148.6934  0.0000	148.9198  0.0000	28.0059  0.0000	0.0106  0.0000	0.7839  0.0000	0.0522  0.0000	-21.5516  0.0000	0.6807669	2	61263.5769016321	8	89992
13474	150.1588  2786.2556	149.4324  316.1782	24.8333  2069.3525	0.0100  1.9338	1.0550  7675.3120	0.2128  423.0221	86.0749  68261.2891	0.6260297	2	56337.6599811893	8	89992
8023	151.5822  0.8596	149.6401  0.6986	25.2003  0.1333	19.1112  5.5732	2.5366  0.7094	0.5989  0.0834	44.2771  9.9767	0.6553849	0	58979.3998009737	8	89992
9156	151.3589  0.6250	151.5577  0.8396	26.2155  0.1329	6.5051  1.1497	0.6548  0.3498	0.5763  0.1223	-17.7530  13.5078	0.6087284	0	54780.6844713464	8	89992
11973	149.8697  0.2955	150.7903  0.1373	22.6082  0.0279	11.0954  0.4045	1.1630  0.0892	0.3390  0.0177	75.0604  1.2003	0.6647408	0	59821.3549530024	8	89992
11936	149.4544  0.4891	149.9293  0.3745	24.4996  0.0638	9.8198  0.7961	1.0395  0.2186	0.5938  0.0541	-48.3454  6.0231	0.6298988	0	56685.8561635018	8	89992
12337	-99 -99	-99 -99	-99 -99	-99 -99	-99 -99	-99 -99	-99 -99	-99	-9	-99	-99	-99
18202	149.7487  1.0171	150.0904  0.6854	24.4694  1.8150	233.9022  966.4644	10.5201  12.5123	0.3787  0.0723	68.2443  6.0941	0.5992117	2	53924.2585146009	8	89992
8931	149.6819  0.3098	151.3233  0.3344	23.2238  0.0344	10.8753  0.4918	1.2322  0.1217	0.8452  0.0395	-21.9909  9.7695	0.6110785	0	54992.1773057683	8	89992
20269	-99 -99	-99 -99	-99 -99	-99 -99	-99 -99	-99 -99	-99 -99	-99	-9	-99	-99	-99
15552	149.5666  0.0783	150.2551  2.0986	26.0082  0.1533	4.1423  1.4942	6.9752  7.9824	0.0233  0.0179	-7.4099  1.0733	0.6378312	2	57399.7086552709	8	89992
19592	151.8143  0.4513	147.2033  0.6157	24.5257  0.0605	16.3950  0.8993	0.4761  0.0885	0.2120  0.0213	36.0400  1.2553	0.5575695	0	50176.7952358523	8	89992
9583	150.1387  0.5398	149.3990  0.5944	25.2675  0.0925	8.8869  0.9084	0.4813  0.1622	0.7679  0.0745	-35.6096  14.8224	0.6529822	0	58763.1695098045	8	89992
12768	149.8189  0.7633	150.5811  0.5568	25.7877  0.1142	5.6745  0.9169	0.4685  0.2888	0.6403  0.0953	-84.5312  15.1104	0.6556543	0	59003.6453803147	8	89992
16307	143.5047  181.9079	104.3435  100.4591	21.4110  1.5545	548.8107  787.9792	0.2337  0.0291	0.1654  0.2371	61.6068  2.6684	0.6212419	0	55906.8049863838	8	89992
15491	149.9265  0.4679	150.5411  0.7263	25.6154  0.1133	6.6549  0.9928	0.7928  0.3223	0.4594  0.0981	-23.1341  8.1552	0.7172917	0	64550.511057506	8	89992
11098	149.9419  0.5910	150.0091  0.5629	24.8078  0.0723	7.6887  0.7311	0.6719  0.1673	0.9523  0.0784	-85.2225  68.2560	0.6495494	0	58454.250049329	8	89992
15960	149.7173  0.9861	149.7826  0.9012	25.6748  2.0999	55.3827  310.4192	12.0578  22.9047	0.9709  0.3730	79.9478  398.4843	0.6496327	2	58461.7449368313	8	89992
11712	150.5173  3.9020	149.0738  3.2440	26.7871  37.3845	6.295e-03  8.786e-01	19.7980  676.0608	0.4329  5.8265	-25.6237  389.7170	0.6735559	2	60614.6458193714	8	89992
11943	147.4146  1.1902	153.3744  0.9021	26.9839  0.1876	4.3381  1.5693	0.6022  0.6843	0.7160  0.2611	89.2507  39.3233	0.6513851	0	58619.4451485116	8	89992
13393	149.3974  1.1519	151.0141  13.2006	21.5445  14.6255	0.2834  981.6277	1.0587  6527.7075	0.0500  2773.8228	-40.6632  13746.0693	0.556601	2	50089.6376985133	8	89992
16119	147.9149  1.0523	149.9820  1.6600	27.3388  1.2794	18.4170  60.1943	7.7233  16.9756	0.1631  0.1641	24.0715  10.5805	0.6715966	0	60438.326406768	8	89992
12704	143.2799  0.9274	150.2443  0.6461	25.4192  0.0966	12.3770  1.0035	0.2438  0.1058	0.5737  0.0536	-67.5082  6.9912	0.6399662	0	57591.8435496909	8	89992
18441	149.7381  1.9629	149.8036  0.3460	27.2879  0.3361	5.9949  4.4960	5.3508  9.8891	0.0239  0.0214	87.5220  1.6122	0.5659469	2	50930.6923825672	8	89992
16450	-99 -99	-99 -99	-99 -99	-99 -99	-99 -99	-99 -99	-99 -99	-99	-9	-99	-99	-99
20948	-99 -99	-99 -99	-99 -99	-99 -99	-99 -99	-99 -99	-99 -99	-99	-9	-99	-99	-99
16518	150.1533  6.0727	148.9451  3.1937	25.9896  134.8321	9.034e-03  2.592e+00	19.3127  879.5744	0.0460  0.7597	36.2620  50.5251	0.7732409	2	69585.4945868338	8	89992
9667	151.2023  44.4967	148.4503  1.3129	25.7828  87.9749	4.930e-03  1.226e+00	17.6786  886.2982	0.0293  0.8109	82.7706  62.8812	0.7626792	2	68635.0295320401	8	89992
18623	147.3186  0.0000	151.7377  0.0000	21.4722  0.0000	0.0123  0.0000	0.4145  0.0000	0.0625  0.0000	66.7215  0.0000	0.7043857	2	63389.077722843	8	89992
20572	-99 -99	-99 -99	-99 -99	-99 -99	-99 -99	-99 -99	-99 -99	-99	-9	-99	-99	-99
19509	148.3157  0.9656	148.5838  0.8273	27.7014  0.2517	3.7934  1.8972	0.0904  0.9860	0.6534  0.3065	-48.9139  48.0824	0.6309006	0	56776.005881254	8	89992
17744	141.6177  43.4469	131.0538  81.5195	22.8843  1.2941	687.9346  841.6312	0.8981  0.2404	0.0236  0.0276	-28.1045  0.5122	0.5717315	2	51451.2640004785	8	89992
16689	150.0220  0.3797	150.5557  0.4993	24.8571  0.0761	8.0148  0.7255	0.5521  0.1465	0.6847  0.0663	37.8049  9.2389	0.6064702	0	54577.4686433471	8	89992
12428	151.0257  126.5781	148.3530  24.3528	25.0148  835.3192	4.120e-03  4.526e+00	3.5189  3155.7080	0.0521  80.7375	67.8468  3684.6594	0.641336	2	57715.1115115874	8	89992
9277	-105.2514  399.5439	-88.4883  306.1172	20.2826  2.6537	466.4532  332.1996	0.3471  0.3419	0.4397  0.2502	-57.1970  8.8777	0.6524446	2	58714.7961919416	8	89992
12811	149.0929  1.0284	152.7585  1.5918	23.1781  2.7105	2815.0735  16593.9336	12.6283  15.1555	0.0856  0.0168	-31.7967  1.1964	0.6174106	2	55562.0155265366	8	89992
12120	148.4479  0.6360	149.0020  0.6163	26.2512  0.1219	4.6374  0.8219	0.7444  0.4145	0.9130  0.2141	29.4399  86.3230	0.6311073	0	56794.6090751225	8	89992
18813	273.7019  31.3056	-101.1904  65.8991	21.1546  0.7868	133.6795  9.8241	0.8770  0.1137	0.0441  0.0068	25.4871  0.1919	0.5985942	2	53868.6930080073	8	89992
20427	146.7905  0.6449	149.9804  0.3813	23.6957  0.0462	15.7599  0.7246	0.3890  0.0567	0.5475  0.0255	68.3845  2.9324	0.6436666	0	57924.8403127645	8	89992
19808	162.4277  1.4843	155.4444  0.5142	25.5548  0.1140	21.2845  2.0108	0.5224  0.2177	0.1321  0.0290	-71.2253  1.6686	0.6550939	0	58953.2124690613	8	89992
12297	147.1842  0.5807	147.1750  0.5516	24.1801  0.0551	16.5541  0.9213	0.5830  0.0951	0.6690  0.0408	-46.7150  5.4630	0.6461263	0	58146.2026858072	8	89992
9536	150.0152  0.7105	148.7749  0.9278	27.1534  0.2389	6.3678  65.0454	0.0290  1.3562	0.4469  0.1910	-7.7990  14.0360	0.6047603	2	54423.5858045603	8	89992
19540	149.5937  0.6468	150.9410  0.4116	25.7045  0.1007	4.9879  0.8137	0.5421  0.3379	0.4602  0.0835	-74.0035  9.5505	0.6364176	0	57272.4953294829	8	89992
21180	148.9418  0.2675	150.6262  3.0242	28.4988  15.1074	2.4482  9.7538	0.2819  10.7624	0.0400  6.0211	-17.9464  208.8318	0.6390697	2	57511.1587133261	8	89992
12448	150.3922  10.9476	147.6382  5.2127	26.9975  96.0474	5.908e-03  1.703e+00	15.7005  1074.9968	0.2476  13.6207	18.0826  606.6260	0.6573371	2	59155.0774730607	8	89992
19526	154.8973  0.8368	152.4327  0.3530	24.7652  0.0732	14.6580  0.9344	0.3209  0.0954	0.2996  0.0289	-79.7184  2.0251	0.6251013	0	56254.1152459022	8	89992
8753	151.3972  1.0937	149.8202  0.7040	26.5122  1.3869	20.5533  92.1925	17.0022  42.2955	0.1250  0.1101	-69.8597  6.7061	0.6554267	2	58983.1649543678	8	89992
18008	-99 -99	-99 -99	-99 -99	-99 -99	-99 -99	-99 -99	-99 -99	-99	-9	-99	-99	-99
8476	154.6836  0.7211	161.5783  1.3282	25.0406  0.2533	60.0950  34.3368	4.7852  2.0383	0.0500  0.0151	-31.8459  0.8689	0.639192	2	57522.1666716524	8	89992
16268	149.4667  0.0648	153.4048  0.0324	26.6482  0.0576	7.7246  0.0162	0.0208  0.0229	0.3028  0.1205	17.1728  9.7485	0.6357936	2	57216.3389410875	8	89992
19098	169.1947  0.8476	139.5155  1.4570	24.4348  0.6433	85.4133  82.1824	3.5978  1.8267	0.5159  0.0816	16.4029  7.6785	0.652576	0	58726.6224557373	8	89992
15893	150.2971  0.1951	149.2164  2.5172	27.7059  0.2926	8.3232  3.6872	2.2425  3.0834	0.0243  0.0161	3.9122  1.3509	0.5948926	2	53535.5704492923	8	89992
8386	-99 -99	-99 -99	-99 -99	-99 -99	-99 -99	-99 -99	-99 -99	-99	-9	-99	-99	-99
15585	149.9996  0.4952	150.0456  0.6125	24.9123  0.0788	9.3199  0.8071	0.5360  0.1465	0.7219  0.0637	26.0792  10.5145	0.6116381	0	55042.5393252459	8	89992
16835	150.3374  0.4662	149.0861  4.6289	27.5243  2.2648	9.5097  42.6821	19.5273  115.4062	7.178e-03  9.635e-03	-5.7945  0.8807	0.8122531	2	73096.2807620604	8	89992
19644	149.0390  5836.1748	122.7618  12616.8457	36.9067  945.3795	3.5619  10706.9531	5.7666  48257.8711	0.0150  79.4397	23.8058  5932.3652	0.5313666	2	47818.7446875396	8	89992
12066	152.2442  1.1623	146.9072  0.6721	26.0092  0.1293	10.6173  1.3619	0.2171  0.1609	0.4810  0.0659	-83.3157  6.5726	0.6692185	0	60224.3127205718	8	89992
18993	-99 -99	-99 -99	-99 -99	-99 -99	-99 -99	-99 -99	-99 -99	-99	-9	-99	-99	-99
11540	-99 -99	-99 -99	-99 -99	-99 -99	-99 -99	-99 -99	-99 -99	-99	-9	-99	-99	-99
14056	-99 -99	-99 -99	-99 -99	-99 -99	-99 -99	-99 -99	-99 -99	-99	-9	-99	-99	-99
9923	150.0732  3.2058	150.9801  42.1298	25.0003  786.6000	5.146e-03  2.214e+00	5.1257  1823.7196	0.0166  9.8058	9.4011  39965.4922	0.6672177	2	60044.2509765193	8	89992
20270	-99 -99	-99 -99	-99 -99	-99 -99	-99 -99	-99 -99	-99 -99	-99	-9	-99	-99	-99
13803	150.4376  0.2015	148.5486  0.3423	22.2639  0.0217	19.7305  0.4629	1.0718  0.0565	0.4744  0.0139	-20.4565  1.1059	0.5837396	0	52531.8959440222	8	89992
9449	149.9738  339748814848.0000	150.1760  189371252736.0000	29.9411  43777716649984.0000	7.445e-03  1.016e+11	0.5206  14625423753216.0000	0.0170  5025575731200.0000	68.4839  747561136685056.0000	0.6298651	2	56682.8220614169	8	89992
6479	150.0743  0.3157	149.3945  0.2891	24.5311  0.0588	5.7848  0.5457	0.9209  0.2405	0.5456  0.0658	-43.5710  6.5401	0.658779	0	59284.8410021258	8	89992
15435	150.0732  0.0000	150.9414  0.0000	23.4706  0.0000	8.920e-03  4.709e-08	4.8453  0.0000	0.0433  0.0000	-88.6177  0.0000	0.6410265	2	57687.2577916119	8	89992
8058	150.0392  0.0000	149.9829  0.0000	27.5271  0.0000	8.482e-03  3.273e-09	1.9406  0.0000	0.8889  0.0000	-31.1255  0.0000	0.6560028	2	59035.0074817987	8	89992
18939	147.0168  16.5111	148.7289  28.2809	27.6473  123.3815	0.0103  4.0098	15.9459  1453.1144	0.0488  5.5395	25.3081  245.9541	0.7043542	2	63386.2458867196	8	89992
14769	147.2636  1.3323	149.3950  0.4948	24.6004  0.0662	26.3977  1.7538	0.7153  0.1462	0.2145  0.0194	-70.1795  1.2469	0.6361144	0	57245.2063634169	8	89992
12243	148.3457  5.4702	152.0474  13.4023	26.6903  230.0683	8.930e-03  4.355e+00	19.7479  1474.6708	0.0235  0.6174	-20.8090  52.5971	0.6406996	2	57657.8349224162	8	89992
15183	147.1461  0.8599	148.0148  0.6634	25.3834  0.0958	13.1249  1.2222	0.2763  0.1290	0.3171  0.0446	-51.3236  3.0362	0.624697	0	56217.7320444915	8	89992
8310	149.3422  0.2286	149.9449  0.4402	23.4034  0.0400	11.1560  0.5391	0.8453  0.1002	0.3578  0.0268	0.4882  1.8315	0.6265212	0	56381.8972419411	8	89992
12715	150.0155  0.3617	152.9973  0.9662	25.0527  0.0864	14.1914  1.1028	0.3987  0.1128	0.2022  0.0333	-5.3157  2.0579	0.6316917	0	56847.1997643353	8	89992
13131	157.3710  0.9169	151.6060  0.5000	26.1221  0.1444	10.4108  0.8408	0.0641  0.2521	0.2970  0.0654	-64.4374  4.9727	0.6242791	0	56180.130066289	8	89992
18294	-99 -99	-99 -99	-99 -99	-99 -99	-99 -99	-99 -99	-99 -99	-99	-9	-99	-99	-99
18186	150.9884  0.5197	149.8791  0.5712	25.3622  0.0872	8.6230  0.8640	0.5817  0.1859	0.8025  0.0805	18.5953  17.1688	0.6196319	0	55761.9145361109	8	89992
7981	-99 -99	-99 -99	-99 -99	-99 -99	-99 -99	-99 -99	-99 -99	-99	-9	-99	-99	-99
13675	-99 -99	-99 -99	-99 -99	-99 -99	-99 -99	-99 -99	-99 -99	-99	-9	-99	-99	-99
6792	149.1873  1.0202	149.4229  0.4785	25.8427  0.1229	10.1830  1.2291	0.2470  0.1709	0.3321  0.0624	-66.0153  4.7153	0.6624441	0	59614.6648377285	8	89992
13308	150.0113  0.4408	150.5981  0.5237	23.7530  0.0412	11.3978  0.6447	0.7140  0.1062	0.8066  0.0388	19.8502  10.3638	0.6806831	0	61256.0288279426	8	89992
16718	-1.2304  0.1092	276.0999  0.0448	19.3504  0.0155	7.2105  0.1323	2.6999  0.0864	0.3828  0.0059	-58.1418  0.7358	0.572272	1	51499.9020451081	8	89992
20100	152.2905  1306.0658	147.6995  2303.1963	26.3753  4847.0200	5.987e-03  5.884e+00	1.3753  8767.0488	0.2119  650.2531	-75.3011  11522.4678	0.6165182	2	55481.7034396478	8	89992
18188	148.3658  105.2141	155.8345  85.3360	25.9038  5814.7310	4.786e-03  8.721e+00	2.8637  3250.7500	0.0466  50.6902	33.6616  16685.9004	0.5821662	2	52390.3001236276	8	89992
19916	145.3884  0.7777	144.2023  1.5189	26.7916  0.1795	13.8652  1.7514	0.0750  0.1850	0.2898  0.0649	-11.0856  4.6957	0.6373176	0	57353.4852690569	8	89992
14350	147.8312  0.5537	150.5961  0.3994	24.8268  0.0832	9.8152  0.8081	0.3331  0.1224	0.5549  0.0527	52.4083  5.8351	0.6444931	0	57999.2210347179	8	89992
16167	150.2712  0.0000	149.2713  0.0000	28.6933  0.0000	0.0116  0.0000	1.5845  0.0000	0.2731  0.0000	18.7644  0.0000	0.6052433	2	54467.0548661427	8	89992
15472	137.2954  0.8842	144.3141  0.4996	25.0332  0.0838	11.5403  1.1699	0.9068  0.2514	0.4314  0.0516	82.1532  4.2885	0.6221246	0	55986.2355105896	8	89992
12737	150.9497  0.5835	150.9032  0.8557	25.4389  0.0929	12.5446  1.0914	0.6179  0.1955	0.4332  0.0550	-16.6616  4.4462	0.6006641	0	54054.9612634174	8	89992
12837	155.3184  1.0681	153.2693  0.7915	25.9662  0.1275	9.5701  1.1967	0.1894  0.1563	0.6758  0.0819	-85.4069  12.3984	0.659005	0	59305.1806613911	8	89992
20200	150.4738  1.0682	150.9772  1.0845	26.6501  3.7905	40.8869  473.3647	15.9818  61.0074	0.8089  0.5533	-83.6941  102.2159	0.645331	2	58074.6310506116	8	89992
7258	148.0683  0.4123	152.8972  0.4795	23.9258  0.0534	16.4502  0.7176	0.1962  0.0438	0.4683  0.0234	39.1177  2.3672	0.725933	0	65328.1612311656	8	89992
19547	-99 -99	-99 -99	-99 -99	-99 -99	-99 -99	-99 -99	-99 -99	-99	-9	-99	-99	-99
19391	-99 -99	-99 -99	-99 -99	-99 -99	-99 -99	-99 -99	-99 -99	-99	-9	-99	-99	-99
14450	149.4603  0.8937	150.4458  0.4635	25.9070  0.1388	7.8095  1.1794	0.4852  0.3197	0.3501  0.0842	65.6471  5.6114	0.7967491	0	71701.0475998097	8	89992
19627	-99 -99	-99 -99	-99 -99	-99 -99	-99 -99	-99 -99	-99 -99	-99	-9	-99	-99	-99
9401	181.9418  0.5991	149.4665  0.2312	23.4595  0.0388	20.5902  0.6080	0.6776  0.0690	0.2454  0.0134	86.6714  0.7930	0.6100625	0	54900.7410806438	8	89992
21114	150.8510  0.5069	151.3356  0.4701	26.1581  0.1378	3.9983  0.8088	0.3343  0.3266	0.8997  0.1764	-49.2970  78.8052	0.651943	0	58669.6595806606	8	89992
10638	150.0473  0.6155	149.9811  0.6250	27.1020  0.2252	2.6717  1.1863	1.9949  2.7171	0.4145  0.3795	-48.8696  23.2856	0.6017871	0	54156.0280856023	8	89992
11596	150.5444  0.5226	148.8637  0.9409	25.1277  0.0925	10.6184  1.1446	0.7632  0.2455	0.4134  0.0611	-1.3265  4.7884	0.6681981	0	60132.482274842	8	89992
13806	147.4385  1.2991	150.8497  1.9481	26.1118  1.3838	72.1721  222.5537	7.1122  10.3638	0.1542  0.0785	30.4129  5.3439	0.6952232	0	62564.5271562192	8	89992
21069	150.9473  2.3807	150.5405  3.1988	27.2740  1.0733	8.3255  9.7964	2.0545  2.9968	0.0161  0.0644	-44.8679  5.5856	0.6303232	2	56724.0418655508	8	89992
10235	151.9973  29.7959	149.3084  73.4264	27.8390  484.8991	9.383e-03  1.605e+01	4.5817  1111.8359	0.7741  2059.2195	74.4791  555579.0625	0.6619214	2	59567.628642111	8	89992
9917	150.6490  0.3761	149.6309  0.3612	25.5175  0.0986	4.4533  0.6721	1.0692  0.3505	0.8672  0.1338	18.0384  41.7513	0.5921955	0	53292.8532676331	8	89992
20587	149.0274  0.6081	150.9712  0.9741	24.3041  1.7210	286.6483  1184.5831	11.6366  13.1506	0.3419  0.0561	28.0456  5.0140	0.6435736	2	57916.4794200854	8	89992
7478	134.0098  0.3459	141.5944  0.2202	22.7278  0.1541	109.7973  40.7591	7.2045  1.4523	0.1422  0.0095	-53.8320  0.5844	0.5973919	0	53760.4942610377	8	89992
21098	143.4794  130.1198	150.2155  198.4898	25.9189  2970.9016	8.872e-03  1.702e+01	1.7806  100.4528	0.0547  123.4259	-65.4963  5243.3364	0.6555659	2	58995.6877214134	8	89992
21210	-99 -99	-99 -99	-99 -99	-99 -99	-99 -99	-99 -99	-99 -99	-99	-9	-99	-99	-99
19483	149.6941  0.0000	149.3744  0.0000	28.5354  0.0000	9.991e-03  1.492e-09	2.5330  0.0000	0.7663  0.0000	38.3978  0.0000	0.6922786	2	62299.5375782058	8	89992
17291	-99 -99	-99 -99	-99 -99	-99 -99	-99 -99	-99 -99	-99 -99	-99	-9	-99	-99	-99
7663	166.4273  0.6868	151.0034  0.3433	24.4613  0.0659	24.2624  0.7537	0.0692  0.0530	0.2403  0.0153	-82.7508  1.1210	0.6543093	0	58882.60458644	8	89992
8017	-99 -99	-99 -99	-99 -99	-99 -99	-99 -99	-99 -99	-99 -99	-99	-9	-99	-99	-99
13735	149.7886  0.0000	149.8999  0.0000	27.5408  0.0000	0.5877  0.0000	0.0623  0.0000	0.0232  0.0000	-0.0859  0.0000	0.9000376	2	80996.1835649615	8	89992
10212	150.1706  215.5632	149.2899  39.1384	29.1568  3264.8955	0.0108  79.2829	6.2386  15784.9854	0.4223  429.1698	-10.4626  43169.4062	0.6328539	2	56951.7827119624	8	89992
19997	150.8868  0.5767	149.1932  0.6176	25.1955  0.0953	6.6461  0.7910	0.6235  0.2303	0.7662  0.1064	-11.3653  17.3131	0.7723338	0	69503.8654577748	8	89992
13344	147.7345  0.0000	147.8183  0.0000	29.7173  0.0000	9.674e-03  3.813e-09	1.3523  0.0000	0.0371  0.0000	-59.5307  0.0000	0.5455227	2	49092.6767816878	8	89992
17088	85.0516  6.3348	365.4958  13.2511	18.8655  0.1827	132.5399  5.9047	1.6130  0.0965	0.0454  0.0017	25.6297  0.0372	0.3966435	2	35694.7384293417	8	89992
19642	150.4112  0.9759	153.7186  0.9817	26.5685  0.1646	7.8483  1.2147	0.1657  0.2175	0.7384  0.1137	7.8809  23.9482	0.6802759	0	61219.382822602	8	89992
16401	145.1733  90.2024	147.4466  141.5538	23.9144  502.6603	8.719e-03  1.172e+01	0.8365  628.2920	0.0239  62.6921	60.2455  331.2873	0.6743814	2	60688.933020595	8	89992
20905	150.5779  65.4898	152.6420  56.5477	27.4046  1260.5240	8.382e-03  2.068e+01	19.8610  6895.8101	0.0190  0.3701	48.7334  25.5899	0.6511893	2	58601.8234339524	8	89992
13619	-99 -99	-99 -99	-99 -99	-99 -99	-99 -99	-99 -99	-99 -99	-99	-9	-99	-99	-99
13261	249.6208  5.2828	50.6211  3.6058	29.4430  6.6425	1.0192  24.6306	17.7311  363.5226	0.0671  1.7112	-47.8060  87.5931	0.6490497	2	58409.2816938389	8	89992
11273	120.1133  3.0984	157.7808  2.2468	24.7999  0.0692	54.4193  4.3150	0.4221  0.1104	0.4379  0.0343	53.0295  3.3587	0.6750335	0	60747.6159820644	8	89992
19965	149.8154  0.8595	149.7080  0.7385	24.8805  2.7581	178.7681  1214.0299	12.8832  22.3788	0.9414  0.3089	52.6450  157.0347	0.6367815	2	57305.2390343603	8	89992
7339	-99 -99	-99 -99	-99 -99	-99 -99	-99 -99	-99 -99	-99 -99	-99	-9	-99	-99	-99
7492	149.8406  0.2773	150.8530  0.2994	23.6521  0.0422	9.3402  0.5223	0.9842  0.1176	0.8866  0.0477	23.9016  16.8693	0.6064957	0	54579.7628135916	8	89992
11685	151.7349  0.9352	152.0968  0.7952	27.7902  0.2584	2.8951  1.4141	0.5860  1.0098	0.6954  0.4434	-48.0142  67.0516	0.658747	0	59281.9551985917	8	89992
11156	152.3217  0.5461	143.6461  0.9327	26.0677  0.1329	9.8883  1.2284	0.1305  0.1837	0.4078  0.0693	28.2999  6.2394	0.6591695	0	59319.9833951791	8	89992
13202	148.9319  0.7197	150.5620  0.6490	26.6050  0.1719	3.3217  1.0480	1.1836  0.7735	0.9127  0.2490	-75.5869  122.2383	0.6414509	0	57725.4490790305	8	89992
17789	149.1011  0.0000	150.0199  0.0000	28.6406  0.0000	1.6989  0.0000	0.1171  0.0000	0.1427  0.0000	86.0301  0.0000	0.5875837	0	52877.8305984334	8	89992
8025	184.5685  3.4085	72.2414  7.2299	23.2107  0.1018	189.1538  27.7403	1.1860  0.1583	0.0413  0.0041	25.2656  0.1786	0.6356196	2	57200.6828765244	8	89992
17066	-99 -99	-99 -99	-99 -99	-99 -99	-99 -99	-99 -99	-99 -99	-99	-9	-99	-99	-99
13813	150.9651  4.6227	218.3670  1.2878	24.2151  23.3090	0.0145  1.1136	19.9789  393.5708	0.1069  2.2427	7.1503  112.4484	1.047912	2	94303.7171194184	8	89992
14978	149.9029  4.9900	150.6547  10.9579	26.7886  170.8019	0.0137  5.0266	18.1426  1130.4070	0.0225  0.3401	11.4486  30.5921	0.6407218	2	57659.8371023284	8	89992
19033	148.6021  0.3190	150.6684  0.3743	24.5843  0.0694	4.8954  0.5332	0.8787  0.2554	0.7204  0.0926	11.5468  13.7321	0.6374775	0	57367.8790513233	8	89992
19718	149.3675  0.4194	150.2760  0.2913	24.9074  0.0716	6.4404  0.6156	0.5621  0.1691	0.5095  0.0646	-51.7727  5.9127	0.5710788	0	51392.5194804857	8	89992
20395	60.4215  56.9959	309.4708  94.9508	22.6554  0.4394	320.1327  92.9044	0.5656  0.0787	0.1146  0.0342	31.5826  0.7705	0.6471277	2	58236.3150818498	8	89992
19237	154.4010  0.0000	153.6180  0.0000	24.2507  0.0000	4.112e-03  7.611e-08	1.5831  0.0000	0.1122  0.0000	9.2183  0.0000	0.6872869	2	61850.3234887237	8	89992
12660	46.6988  7.0433	53.1521  4.4406	29.2541  1.3207	5.6701  5.1223	0.7572  3.8205	0.0319  0.1298	51.6954  15.1378	0.6300169	2	56696.4776470865	8	89992
12690	140.7695  0.7851	140.1083  0.9295	24.8481  0.0611	18.4928  0.9339	0.0699  0.0601	0.3818  0.0273	-39.6478  2.6366	0.600214	0	54014.4570424806	8	89992
18650	149.4460  636.5728	148.2556  1464.4473	27.0149  2183.1575	0.0121  119.7721	2.3516  15853.0498	0.0604  224.2130	66.9866  26036.4141	0.6447302	2	58020.555995629	8	89992
21022	150.5963  0.0000	149.8565  0.0000	29.1790  0.0000	1.000e-02  1.358e-09	1.8839  0.0000	0.8579  0.0000	5.1551  0.0000	0.6609117	2	59476.7671551551	8	89992
18894	145.0954  18.3518	149.3201  74.5286	25.8675  413.4921	3.820e-03  3.176e+00	18.1100  2235.3201	0.0100  0.5025	14.3149  34.8693	0.6664738	2	59977.3124718803	8	89992
14379	-99 -99	-99 -99	-99 -99	-99 -99	-99 -99	-99 -99	-99 -99	-99	-9	-99	-99	-99
17532	115.6762  0.0012	-0.2911  0.0098	20.1863  0.0125	706.7135  0.0000	0.0676  0.0100	0.1576  0.0018	-45.9303  0.8028	0.5392324	2	48526.6026867149	8	89992
19022	147.9434  0.5612	149.2617  0.9556	23.4767  1.1903	303.2405  729.3990	8.4549  6.0528	0.3740  0.0451	21.2004  3.8920	0.6559866	0	59033.5490595626	8	89992
16079	70.7192  332.4682	220.3892  66.3685	21.2709  1.8035	572.7918  937.3680	0.2923  0.0356	0.1749  0.2836	78.4925  1.8491	0.6192312	0	55725.8561929759	8	89992
14400	163.5084  53.9236	472.3154  115.9966	17.3920  0.4469	783.9501  400.3218	1.2144  0.3596	0.4048  0.0460	-47.2825  3.7942	0.4688635	2	42193.9632436167	8	89992
14143	448.6561  248.0527	607.7394  309.3282	19.9258  0.7219	590.6122  286.8471	0.1360  0.0424	0.2058  0.0689	-39.1510  1.5189	0.6232358	2	56086.2363346015	8	89992
14075	148.4473  0.4921	161.0717  1.6614	23.8214  0.0603	53.9384  6.3950	1.7200  0.2272	0.2190  0.0167	-8.3004  1.0616	0.6408724	0	57673.3930149906	8	89992
13936	152.1931  1.6332	149.0030  1.0432	28.8900  0.4212	0.5536  3.4391	2.2263  31.5964	0.5593  3.4190	-12.4364  253.3633	0.5927927	0	53346.6000676992	8	89992
18368	131.7529  1.2549	139.2728  0.7706	24.6140  0.0567	27.4939  1.2553	0.3867  0.0759	0.5909  0.0327	-62.1856  4.0599	0.5873739	0	52858.9510084795	8	89992
9746	-99 -99	-99 -99	-99 -99	-99 -99	-99 -99	-99 -99	-99 -99	-99	-9	-99	-99	-99
19630	148.6927  5.9053	149.6801  4.7996	27.2027  45.7257	8.280e-03  1.409e+00	15.3242  729.1191	0.8916  15.7295	-14.7925  4479.3550	0.5374587	2	48366.9778245672	8	89992
6941	151.4977  0.8465	150.1534  0.7993	26.2024  0.1422	13.3479  13.5595	0.0499  0.1711	0.6236  0.0863	-38.4943  9.1557	0.6690682	2	60210.7873785678	8	89992
19464	152.4215  0.4826	148.3529  5.9651	24.8453  17.1779	4.765e-03  2.169e-01	19.9359  173.3499	0.0708  1.4448	-16.5591  44.1815	0.6977352	2	62790.589694986	8	89992
13709	151.3269  0.0000	150.1087  0.0000	28.9776  0.0000	1.7921  0.0000	0.0550  0.0000	0.0404  0.0000	-20.9404  0.0000	0.6755495	2	60794.0526141331	8	89992
13063	149.4514  0.2555	150.1145  0.3445	24.4498  0.0601	5.1763  0.4883	1.3162  0.2704	0.5145  0.0712	-9.4389  5.7953	0.6237894	0	56136.050359668	8	89992
19725	150.7323  0.8715	150.7854  1.0250	26.5597  0.1830	7.8418  1.4922	0.2693  0.3212	0.2950  0.1076	-35.6079  7.4070	0.6141123	0	55265.1967299231	8	89992
15276	149.4348  0.3981	151.4629  0.7137	25.6733  0.1156	7.4219  0.8765	0.1902  0.1912	0.3078  0.0697	-2.7757  4.7722	0.6412401	0	57706.4771373614	8	89992
12158	151.6594  1.0554	148.5719  0.6627	24.8130  0.3977	71.4115  62.0950	5.6888  2.9083	0.1672  0.0309	57.9023  2.0409	0.6380454	0	57418.9841916915	8	89992
12253	148.3604  0.5092	149.2413  0.7303	25.8727  0.1153	6.9862  1.1629	1.0501  0.4928	0.4920  0.0959	-30.4791  9.9341	0.6798492	0	61180.9910889414	8	89992
21097	152.5557  1.8382	165.4457  3.7774	22.3377  0.1817	231.0018  44.2774	1.3578  0.1927	0.1875  0.0106	26.4135  0.5796	0.6189478	0	55700.3512925029	8	89992
11588	-99 -99	-99 -99	-99 -99	-99 -99	-99 -99	-99 -99	-99 -99	-99	-9	-99	-99	-99
20465	-99 -99	-99 -99	-99 -99	-99 -99	-99 -99	-99 -99	-99 -99	-99	-9	-99	-99	-99
21041	150.3966  2332.9490	150.1167  51.2940	26.9095  1271.0935	7.851e-03  3.211e+01	3.7522  9329.9697	0.4403  2608.3596	-7.1102  543253.0625	0.6707894	2	60365.6841875683	8	89992
18927	149.6082  0.0000	150.9717  0.0000	27.7691  0.0000	1.4808  0.0000	0.1290  0.0000	0.0104  0.0000	-16.7839  0.0000	0.6789716	2	61102.0094664501	8	89992
19325	149.9856  1.1078	150.3100  1.4645	25.6074  2.1478	108.7627  609.5771	11.4209  21.8231	0.2893  0.1002	5.0638  9.0607	0.69569	2	62606.5356748261	8	89992
20324	149.4687  0.7691	150.2198  0.4340	26.3898  0.1463	6.4463  1.3594	1.6548  0.8296	0.2319  0.1050	-64.8799  5.3276	0.5943304	0	53484.9812177357	8	89992
6528	143.1383  1.0915	147.6138  0.5322	26.1732  0.0949	11.3222  1.3537	0.1677  0.1284	0.3279  0.0565	-84.1266  4.2876	0.6158755	0	55423.8676668057	8	89992
15306	149.3864  2.4205	150.4088  1.7108	26.5400  30.8628	9.214e-03  8.441e-01	18.6188  378.9232	0.1210  2.5906	34.2185  94.1385	0.5957678	2	53614.3375789718	8	89992
6093	150.0000 -99.00	150.0000 -99.00	24.5761  0.0680	3.3137  0.3940	1.4112  0.3506	0.8038  0.1098	-68.3590  23.1880	0.6374872	0	57370.0218617627	6	89994
19198	150.0376  4.1745	149.6516  1.9892	26.6099  0.4578	3.6664  3.2377	15.8812  42.2864	9.449e-03  8.161e-03	65.2696  0.7424	0.7285459	2	65563.3021213794	8	89992
19677	149.7996  0.8883	149.2022  0.3052	25.2060  0.0947	11.3154  1.0661	0.3476  0.1514	0.1793  0.0392	86.8874  2.2155	0.6519854	0	58673.4698735578	8	89992
17329	149.0027  0.7786	150.3097  0.8983	27.9428  2.6876	1.6624  5.0041	18.4144  129.1638	0.5275  0.7651	87.2597  62.8507	0.3652538	2	32869.9187004612	8	89992
11800	149.6120  1741388416.0000	150.1574  349206.2500	27.1695  4409.9849	0.2846  19609352.0000	0.1026  34328.4258	0.5971  1878526464.0000	-13.9847  8121395712.0000	0.6951315	2	62556.2796817278	8	89992
10538	149.1885  0.4269	149.7619  0.3516	26.4593  0.1459	3.0638  0.8427	1.1632  0.9874	0.4391  0.2128	53.9290  15.5358	0.5308128	0	47768.9058796626	8	89992
20635	150.5559  0.6629	150.2828  0.4886	24.4014  0.0626	15.1845  0.9239	0.3772  0.0760	0.3332  0.0285	-51.9665  2.0616	0.6492711	0	58429.2052807346	8	89992
19991	-99 -99	-99 -99	-99 -99	-99 -99	-99 -99	-99 -99	-99 -99	-99	-9	-99	-99	-99
12798	149.2207  0.3415	149.9181  0.2994	23.6714  0.0395	11.7455  0.4510	0.3642  0.0483	0.8027  0.0282	-42.7737  6.6930	0.5021774	0	45191.9506647827	8	89992
13129	149.4579  18732660.0000	149.8690  34696940.0000	27.2448  7716.9858	0.1674  18864730.0000	0.2576  480810304.0000	0.0500  570975360.0000	14.5885  640106944.0000	0.8778568	2	79000.0883620023	8	89992
15547	150.2985  0.0000	150.4734  0.0000	25.1397  0.0000	9.702e-03  1.895e-08	1.1587  0.0000	0.5846  0.0000	-25.0317  0.0000	0.6236686	2	56125.1835589188	8	89992
15461	198.1682  0.0563	8.7444  0.0493	18.5420  0.0062	54.0796  0.8669	3.7372  0.0463	0.7459  0.0031	74.7531  0.5511	0.354095	0	31865.7133138804	8	89992
20934	148.0753  0.0801	147.1799  1.0757	26.9503  0.9078	6.1746  7.8825	0.6665  3.2024	0.0106  0.0124	-4.7810  0.2779	0.7228356	2	65049.4208691477	8	89992
11764	151.2090  946864866197504.0000	152.2807  82720675856384.0000	24.5361  450482845777920.0000	1.000e-02  1.664e+14	0.5493  24095150930132992.0000	0.0500  6258729959817216.0000	-1.8298  209714010294059008.0000	0.899487	2	80946.6291739963	8	89992
19192	151.7494  0.3556	149.1430  0.6059	24.4271  0.0681	14.6368  0.7874	0.2545  0.0782	0.3114  0.0307	-19.6565  2.1460	0.6451643	0	58059.6232832628	8	89992
19212	137.2496  3.2266	147.0246  7.0357	25.6052  92.5262	5.876e-03  1.095e+00	18.5600  532.7733	0.0464  0.8530	68.6998  80.9269	0.6740806	2	60661.8554734106	8	89992
18983	150.0634  0.5747	149.6895  0.7753	26.6747  0.1419	4.0368  1.0218	0.4065  0.5266	0.5078  0.1779	-14.3911  18.2033	0.6429527	0	57860.6009251109	8	89992
19715	149.8844  0.9460	150.1048  1.1395	27.2411  0.2520	6.3594  1.6893	0.1177  0.3297	0.5407  0.1745	-12.5450  18.0206	0.6531635	0	58779.4908771454	8	89992
11948	149.0940  0.7320	150.0267  1.4353	26.6437  0.1769	13.5737  1.9001	0.1062  0.1327	0.2960  0.0625	5.5220  4.9023	0.6410717	0	57691.3250371988	8	89992
19405	149.6349  5.1747	150.2049  13.6983	23.1106  349.0939	2.217e-03  1.081e+00	15.6597  954.5196	0.0132  0.2031	26.5689  126.9827	0.6523814	2	58709.1104612419	8	89992
18989	146.6319  0.6949	149.7833  0.5783	24.2710  0.0583	16.3480  0.9226	0.4943  0.0908	0.6972  0.0391	59.2648  5.9074	0.6691702	0	60219.9621322345	8	89992
11999	151.1455  1.3035	150.2387  0.9567	26.7051  1.5244	0.3532  1.7680	19.5662  107.1665	0.4686  0.7168	-14.1310  56.1280	0.6349516	2	57140.5655553871	8	89992
12414	150.2434  16.3451	137.5297  34.9499	22.3161  1.1496	1864.6400  2312.9910	2.2675  0.8678	0.0139  0.0067	25.0758  0.3563	0.6520634	2	58680.4865713176	8	89992
6989	150.0435  1.5784	151.4007  0.2015	26.7414  3.9458	2.7029  7.1748	0.6451  3.9836	0.0334  0.6687	77.2211  26.4779	0.648011	2	58315.8066078686	8	89992
16218	149.0624  0.6744	146.4624  0.5795	25.3090  0.0793	10.7514  0.6896	0.1983  0.0729	0.8779  0.0509	-28.7634  24.4597	0.5941456	0	53468.3486388603	8	89992
19374	-99 -99	-99 -99	-99 -99	-99 -99	-99 -99	-99 -99	-99 -99	-99	-9	-99	-99	-99
13467	164.6361  0.2607	63.1277  0.2459	21.0128  0.0119	35.4102  0.2387	0.4268  0.0109	0.7169  0.0069	-87.3720  1.0783	0.5445625	0	49006.265535083	8	89992
12368	149.7678  0.0000	147.9651  0.0000	27.7818  0.0000	0.0119  0.0000	1.2868  0.0000	0.0569  0.0000	-47.1111  0.0000	0.6824583	2	61415.7895570596	8	89992
20438	146.3979  0.8525	151.2616  0.5450	26.7241  0.1677	6.2908  2.5051	0.0581  0.5529	0.3397  0.1018	52.7138  9.3962	0.6650374	0	59848.0448457598	8	89992
20567	150.5663  104020.7656	149.8462  433058.7188	25.3472  359090.0000	0.0100  1262.2004	2.8315  54049.7031	0.0500  22360.8574	-3.4663  493177.5312	0.9220266	2	82975.0141461969	8	89992
20886	150.4655  0.6786	147.7505  0.8151	26.3272  0.1256	10.3600  1.1730	0.1702  0.1379	0.5538  0.0794	-32.6041  9.9012	0.6493731	0	58438.3826464788	8	89992
19443	149.8276  0.0000	128.8889  0.0000	26.4355  0.0000	0.0106  0.0000	0.6208  0.0000	0.0996  0.0000	7.8908  0.0000	0.6494539	2	58445.6514355375	8	89992
10903	150.2698  0.5954	149.8417  0.9111	26.4859  0.1585	5.6768  1.2416	0.7530  0.4921	0.3746  0.1202	16.3204  10.2678	0.6944796	0	62497.6047144211	8	89992
19625	-99 -99	-99 -99	-99 -99	-99 -99	-99 -99	-99 -99	-99 -99	-99	-9	-99	-99	-99
12232	149.8964  0.4498	149.5991  0.4704	27.8630  0.2619	0.6626  6.2433	0.5573  39.0095	0.7702  3.1427	-18.1241  487.5818	0.6531158	0	58775.1997760034	8	89992
11937	149.4927  101.2213	149.7456  64.8469	30.5042  1833.8346	8.890e-03  4.629e+01	10.2226  15698.0283	0.2033  439.4075	-32.1242  8577.3184	0.665046	2	59848.8182762331	8	89992
15249	-96.2643  14.8621	97.0440  3.0993	17.8774  0.3768	73.2469  6.3173	1.4325  0.1059	0.6424  0.0152	60.5637  2.3420	0.3834943	2	34511.4145839034	8	89992
13096	149.5486  0.3423	150.1599  0.2973	23.5911  0.0494	8.9898  0.5805	0.8662  0.1323	0.4740  0.0376	46.9018  3.2197	0.8366078	0	75288.0100957897	8	89992
7862	131.7815  0.0575	230.7105  0.0589	20.9638  0.0115	12.3536  0.4959	6.7398  0.2612	0.7583  0.0154	30.2228  2.1758	0.5246652	0	47215.6699061522	8	89992
16624	209.5540  0.0322	31.4269  0.0303	19.4596  0.0065	5.2843  0.1086	0.0564  0.0168	0.9697  0.0099	-34.8598  9.2387	0.6368815	0	57314.2408088998	8	89992
13628	-99 -99	-99 -99	-99 -99	-99 -99	-99 -99	-99 -99	-99 -99	-99	-9	-99	-99	-99
5953	148.9085  0.8488	152.0021  0.4971	23.1676  1.1168	415.8232  972.9776	9.5084  6.3781	0.3341  0.0310	-67.8213  2.6109	0.6302288	0	56715.5537313235	8	89992
20534	125.7309  7.2829	142.2822  21.2923	21.2377  0.6851	652.8337  330.0946	0.8989  0.1482	0.1462  0.0352	19.1243  1.0959	0.6241536	0	56168.8308677829	8	89992
13620	251.7408  26.4003	-81.5380  29.8959	18.6841  2.7128	27.5007  66.6245	4.3854  4.3066	0.3129  0.0259	46.7948  1.0793	0.5563607	2	50068.0075915107	8	89992
13955	-99 -99	-99 -99	-99 -99	-99 -99	-99 -99	-99 -99	-99 -99	-99	-9	-99	-99	-99
14754	102.9352  12.1930	302.8945  49.7790	23.6860  0.5102	99.4314  37.1627	0.1140  0.0485	0.0681  0.0183	14.2149  0.5505	0.6310188	2	56786.6471477432	8	89992
20306	150.3281  3.2921	148.1755  0.0847	25.0989  44.7000	9.019e-03  8.595e-01	18.4460  311.0241	0.0177  0.2319	-89.1669  3.9212	0.6449139	2	58037.0894122875	8	89992
15094	149.0961  0.5381	149.9646  0.4953	26.7947  0.1964	2.0291  17.8012	0.0541  3.8932	0.9442  0.5481	-51.7599  291.7445	0.6547878	0	58925.669635179	8	89992
8860	149.9366  0.4946	149.7430  0.8976	26.3578  0.1485	6.8627  1.0982	0.2304  0.2623	0.3170  0.0942	-6.8539  6.4125	0.6353248	0	57174.1456362954	8	89992
20223	146.7697  0.4122	149.5913  0.2792	22.8115  0.0317	18.9748  0.5784	0.4988  0.0475	0.2492  0.0126	-54.4673  0.8227	0.6956375	0	62601.812773636	8	89992
13678	149.6352  0.6421	150.5778  0.5419	24.6890  0.0684	8.1882  0.8180	0.5277  0.1566	0.8502  0.0763	67.6389  22.4940	0.6709747	0	60382.3564367017	8	89992
12327	-99 -99	-99 -99	-99 -99	-99 -99	-99 -99	-99 -99	-99 -99	-99	-9	-99	-99	-99
10388	-99 -99	-99 -99	-99 -99	-99 -99	-99 -99	-99 -99	-99 -99	-99	-9	-99	-99	-99
11109	150.2538  0.2881	150.3735  0.4413	25.0327  0.0850	6.4673  0.6485	0.5764  0.2184	0.4095  0.0681	-30.6223  5.2823	0.6500824	0	58502.2157944559	8	89992
20614	-99 -99	-99 -99	-99 -99	-99 -99	-99 -99	-99 -99	-99 -99	-99	-9	-99	-99	-99
10462	148.8218  0.4502	147.8891  0.5974	25.1708  0.0700	10.0298  0.9010	1.1301  0.2788	0.6129  0.0600	-26.9267  7.1330	0.4963522	0	44667.7237795295	8	89992
17888	150.7397  0.2758	149.6890  0.2300	27.4467  2953.0293	3.4746  7132.6294	0.0501  44.1940	0.0352  40.9713	48.1823  7009.6616	0.6256015	2	56299.1257696141	8	89992
20292	148.0237  0.7754	151.5322  0.8895	25.6950  0.1133	9.2861  1.0191	0.2987  0.1427	0.7381  0.0826	-13.1090  14.2051	0.6548961	0	58935.4155158249	8	89992
18579	149.5881  78840.1875	149.7238  15403.3887	28.5101  1246.9694	0.0101  1178.3883	0.4005  12807.9951	0.7226  94315.8828	-26.5476  13116716.0000	0.6019031	2	54166.4649509534	8	89992
8487	148.0199  3558.4412	150.8125  3526.2290	36.3954  1664.6379	2.4279  220932.0469	0.0533  34722.1211	0.8446  3701.0620	-47.5693  775341.5000	0.7908361	2	71168.9214942214	8	89992
16025	150.5562  0.7521	147.5359  1.6132	26.4651  0.5634	34.2916  36.9997	4.0136  3.3360	0.1865  0.0715	13.2598  5.1654	0.6298887	0	56684.9464138448	8	89992
20000	149.3147  0.9598	148.9420  0.7294	26.6963  0.1710	5.9639  1.2847	0.4693  0.3841	0.6374  0.1430	65.8186  18.7831	0.6245252	0	56202.2763808362	8	89992
20093	148.3194  0.7187	151.1627  0.6613	25.8496  0.1250	10.2308  1.1736	0.4262  0.1929	0.3206  0.0643	47.1337  4.3323	0.6051664	0	54460.132327005	8	89992
20089	150.6694  3.0660	149.5140  1.1457	25.5114  26.6653	6.643e-03  4.892e-01	18.9519  272.3436	0.0418  0.3562	-5.6474  33.7257	0.5898523	2	53081.9899158765	8	89992
14911	149.9963  0.9257	149.2510  1.2441	26.5836  1.1878	31.4717  101.0289	9.7339  16.5140	0.2122  0.1080	2.8441  7.6041	0.6437232	0	57929.9415625351	8	89992
20212	152.5571  0.8382	148.8010  0.8833	27.5496  0.2393	4.4531  0.8603	0.0715  0.6121	0.9579  0.2655	-37.9076  265.6778	0.6244956	0	56199.6076093922	8	89992
15727	123.5698  10.8251	-123.6322  19.6660	16.5750  0.4913	200.3700  118.6102	5.5338  2.7106	0.4352  0.0186	-55.7539  1.4191	0.3118804	2	28066.7358980095	8	89992
19273	149.6402  3.6828	149.8966  3.5739	27.2009  23.1032	0.0129  1.2663	17.7279  539.0783	0.9797  9.7725	-57.3783  13400.1748	0.6581632	2	59229.4278790042	8	89992
10730	150.2270  0.5275	149.2420  0.6150	25.4497  0.1025	5.4936  0.8193	1.0838  0.3950	0.7367  0.1253	-2.5919  19.6077	0.6257844	0	56315.5905557422	8	89992
13437	-99 -99	-99 -99	-99 -99	-99 -99	-99 -99	-99 -99	-99 -99	-99	-9	-99	-99	-99
13331	149.7012  0.0000	150.9234  0.0000	25.8577  0.0000	9.225e-03  1.419e-08	5.5351  0.0000	0.0696  0.0000	-3.2170  0.0000	0.6836255	2	61520.8260956392	8	89992
19890	150.7081  1.2984	150.4777  0.3962	22.9439  2.9708	0.0167  0.1579	19.1676  41.2183	0.0986  0.2392	-5.3076  8.7897	0.728513	2	65560.3395199019	8	89992
19889	-99 -99	-99 -99	-99 -99	-99 -99	-99 -99	-99 -99	-99 -99	-99	-9	-99	-99	-99
18467	148.8941  1241.0934	151.3130  7345.8174	27.8816  7374.1353	0.0138  29.5844	2.0969  2311.3149	0.0815  925.1829	-31.0318  31533.3223	0.6453122	2	58072.937643327	8	89992
12914	149.9269  0.5494	148.7543  0.5949	24.6183  0.0549	8.5272  0.6940	0.5681  0.1367	0.8287  0.0590	6.8301  18.0706	0.6543773	0	58888.7211803639	8	89992
10653	149.0831  0.6100	150.4126  0.4908	25.4967  0.0803	7.3794  0.9901	0.8451  0.3074	0.6917  0.0864	-48.6832  13.9069	0.6350744	0	57151.6192797964	8	89992
18908	147.8607  0.8396	148.9877  0.5907	25.4883  0.1033	8.3479  0.9878	0.4652  0.2069	0.6179  0.0766	-79.1478  9.4710	0.6587615	0	59283.2658652226	8	89992
10625	150.0103  0.3247	150.5047  0.3607	23.4961  0.0402	8.9768  0.4275	0.7184  0.0859	0.8303  0.0433	-8.4770  9.4182	0.6347155	0	57119.3146212319	8	89992
10839	151.7905  1.1511	150.8578  0.9046	25.9182  0.0933	18.7533  1.7254	0.2274  0.1054	0.1358  0.0298	-50.8957  1.4914	0.575554	0	51795.2538999337	8	89992
12903	149.3640  0.9371	149.3436  0.6157	25.3324  0.1018	10.6145  1.0784	0.5282  0.1804	0.5188  0.0638	72.5408  6.4461	0.6921307	0	62286.2289377822	8	89992
17271	150.5750  8.9537	149.3348  152.9655	24.0846  577.6173	0.0129  36.7545	1.5055  665.9667	0.0423  7.1932	18.0251  1488.2936	0.5317912	2	47856.9563316107	8	89992
13746	150.1359  0.4668	150.3863  0.1593	22.2701  0.0227	23.8337  0.4649	0.8201  0.0413	0.2569  0.0083	79.8045  0.4573	0.6070526	0	54629.8812702216	8	89992
14683	149.1190  1.6806	149.5605  3.4429	27.6127  1.7819	3.8940  19.2526	18.7063  102.3584	0.0393  0.1274	-23.3397  8.8016	0.6502865	2	58520.5833539941	8	89992
11763	158.9130  0.4954	143.6758  0.6805	24.6329  0.0535	17.9194  0.9223	0.2398  0.0467	0.5548  0.0323	30.9143  3.7191	0.6399792	0	57593.0070244208	8	89992
11794	150.6797  0.0000	149.4200  0.0000	27.5422  0.0000	1.000e-02  3.578e-16	0.5406  0.0000	0.0332  0.0000	64.0559  0.0000	0.6610501	2	59489.2263151136	8	89992
7521	-99 -99	-99 -99	-99 -99	-99 -99	-99 -99	-99 -99	-99 -99	-99	-9	-99	-99	-99
10572	154.8203  3.0996	151.2913  0.5870	25.8494  0.2223	39.0229  18.0354	2.3738  1.1732	0.1059  0.0328	82.3280  2.0275	0.6547069	0	58918.3848383026	8	89992
6948	147.9894  0.0000	149.7982  0.0000	21.9685  0.0000	0.0158  0.0000	0.2202  0.0000	0.0495  0.0000	17.1982  0.0000	0.6771991	2	60942.5017509178	8	89992
18818	101.7448  988.1440	223.0893  586.9410	19.2024  9.2957	2459.7632  20998.7578	0.5051  0.0962	0.0539  0.4585	59.2692  1.8006	0.6402885	2	57620.8461398428	8	89992
19663	155.1076  0.6119	149.0795  0.8004	25.2686  0.0902	11.9996  1.1158	0.4629  0.1528	0.6956  0.0686	-35.8023  9.2313	0.642204	0	57793.2226690963	8	89992
10086	150.5883  0.9677	149.7155  0.6863	26.6462  1566.4303	2.6444  5287.5889	0.0741  3265.7461	0.0421  209.2140	39.8332  3070.7527	0.6332348	2	56986.0646643288	8	89992
18821	-897.1192  1688.6234	836.0217  1020.3412	18.9123  2.3167	977.6326  1327.2421	0.1285  0.1485	0.1804  0.1330	59.6517  3.3052	0.607084	2	54632.6995045655	8	89992
20190	151.0916  0.0000	149.8958  0.0000	24.8413  0.0000	0.0100  0.0000	3.2130  0.0000	0.0504  0.0000	4.9750  0.0000	0.8741546	2	78666.9215331372	8	89992
11897	149.8127  0.7692	150.8541  0.9882	24.2241  0.0567	29.6941  2.1715	1.6469  0.3025	0.1228  0.0135	36.9716  0.7668	0.609391	0	54840.320541	8	89992
17260	-99 -99	-99 -99	-99 -99	-99 -99	-99 -99	-99 -99	-99 -99	-99	-9	-99	-99	-99
16992	126.5023  0.4401	213.3794  0.8544	23.5062  0.0400	31.0353  1.0382	0.3678  0.0430	0.1753  0.0093	26.8817  0.5696	0.6260257	0	56337.3013987365	8	89992
14112	148.2548  1.4530	149.5742  1.0223	28.3797  0.3552	0.3842  4.4160	2.4929  47.3146	0.6738  4.6447	43.9642  416.3551	0.6125335	2	55123.1121042185	8	89992
20344	149.6549  0.7600	147.3017  1.7048	26.6731  0.1653	12.0264  2.0939	0.1352  0.1860	0.2873  0.0753	-12.0429  6.2305	0.6698723	0	60283.1463063204	8	89992
10160	149.8437  1.1861	149.1520  2.3330	27.0163  2.6752	9.8279  45.3258	14.2934  83.7099	0.0443  0.1164	-30.8052  5.9834	0.7335467	2	66013.3393103257	8	89992
20724	149.5553  2531.3870	150.4640  19850.1133	26.5450  6446.7285	0.0207  55.8980	1.4680  210475.0156	0.0525  2420.9111	-9.1490  46247.4609	0.646325	2	58164.0796816049	8	89992
15710	149.5890  0.7874	151.9083  1.0860	26.1857  0.1464	7.0935  2.9461	5.3945  3.4187	0.0412  0.0422	25.1836  1.6825	0.6394764	2	57547.7558227237	8	89992
6946	149.7591  0.7601	149.4067  0.3398	25.0361  0.0831	9.5049  1.0017	1.0103  0.2735	0.3086  0.0480	83.0738  3.1669	0.6199117	0	55787.0954971706	8	89992
10996	130.1784  0.9188	216.0610  1.4884	29.1817  0.6767	4.1929  2.0702	0.1019  1.2808	0.4662  0.3510	20.4622  32.6420	0.6282761	0	56539.8245652876	8	89992
12682	152.5695  0.4920	156.0513  0.6164	24.1717  0.0550	33.6903  9.9310	0.0392  0.0273	0.2594  0.0139	-38.0083  0.9269	0.6169322	2	55518.9649238344	8	89992
15567	150.2614  0.0000	150.0525  0.0000	26.1818  0.0000	1.000e-02  7.584e-09	2.1126  0.0000	0.0500  0.0000	-5.8787  0.0000	0.6443419	2	57985.6181528753	8	89992
14137	148.4015  0.7419	149.6028  0.7063	26.9735  0.1874	5.1490  1.2809	0.7205  0.5778	0.4848  0.1664	35.4491  14.1922	0.6058869	0	54524.9782076479	8	89992
13915	152.7118  0.0000	147.1050  0.0000	25.4366  0.0000	5.072e-03  2.569e-08	4.7189  0.0000	0.0152  0.0000	53.9842  0.0000	0.6684172	2	60152.2039441742	8	89992
10439	148.4532  4895.5137	150.4904  482.2359	26.2188  3518.1592	0.0101  54.1973	1.6112  9056.2959	0.0533  946.3085	-6.3930  11693.8604	0.6550155	2	58946.1563977824	8	89992
6624	155.7951  0.0000	155.3811  0.0000	23.9663  0.0000	3.536e-03  3.890e-07	2.1925  0.0000	0.1880  0.0000	9.0998  0.0000	0.7563707	2	68067.3103508238	8	89992
20860	148.2766  176.6581	150.2903  16.6063	25.9440  590.5010	9.895e-03  6.065e+01	3.5052  10895.8945	0.4750  2002.6248	1.3205  2877212.0000	0.6596762	2	59365.5783530806	8	89992
15669	-99 -99	-99 -99	-99 -99	-99 -99	-99 -99	-99 -99	-99 -99	-99	-9	-99	-99	-99
10274	-53.5442  190.1974	-177.2376  225.1032	21.3602  0.7923	412.1966  194.6847	0.2669  0.0650	0.1558  0.0562	-40.9897  1.1132	0.5975289	2	53772.8169511844	8	89992
18585	145.6475  1.1562	147.3448  1.9636	24.5032  0.1194	44.0558  8.1243	1.6552  0.3235	0.4947  0.0423	5.3428  4.8989	0.646649	0	58193.2353082878	8	89992
7664	152.8139  4.6466	152.7253  9.7464	23.3762  0.1013	166.3151  20.1594	0.2183  0.0762	0.0322  0.0045	25.5362  0.1424	0.6289995	2	56604.9282533068	8	89992
18261	149.5918  0.5036	149.9811  0.4411	24.8625  0.0812	5.1262  0.6436	0.7664  0.2286	0.9559  0.1020	72.0139  97.4753	0.704762	0	63422.9455805888	8	89992
14169	149.2362  0.4856	144.6738  0.7740	25.8064  0.1166	12.1745  0.9413	0.0753  0.1336	0.3102  0.0516	-20.2395  3.7089	0.6094174	0	54842.6926025381	8	89992
18581	354.8505  16.1642	44.4120  4.7930	18.3121  1.6674	1196.2227  4093.4331	12.4815  24.9368	0.3196  0.0189	-72.3354  1.1933	0.4933357	2	44396.2624384105	8	89992
17102	124.5905  170.5741	144.3801  154.3242	22.7049  2.1528	612.5385  1240.2202	0.3963  0.1150	0.0510  0.1030	47.8370  1.0294	0.6414538	2	57725.7081733804	8	89992
19056	176.5688  0.4524	113.8075  0.4297	23.7133  0.0447	14.8502  0.6980	0.5299  0.0708	0.7413  0.0338	43.9877  5.7424	0.6325947	0	56928.4617223672	8	89992
16923	150.6108  0.0000	149.4946  0.0000	29.0211  0.0000	6.668e-03  5.307e-09	1.8596  0.0000	0.5594  0.0000	-7.0361  0.0000	0.6476758	2	58285.6431662981	8	89992
10268	149.5635  1.3397	145.2732  0.6927	25.1026  10.3684	6.983e-03  2.494e-01	19.9515  167.6047	0.3397  1.1942	-0.2708  86.3619	0.6186729	2	55675.6120922026	8	89992
12048	149.3122  0.8804	150.6554  0.6638	27.1836  0.2275	3.5156  1.4863	0.8256  0.6833	0.9115  0.3941	11.7245  169.9882	0.6611763	0	59500.5804578566	8	89992
11237	-99 -99	-99 -99	-99 -99	-99 -99	-99 -99	-99 -99	-99 -99	-99	-9	-99	-99	-99
14247	-99 -99	-99 -99	-99 -99	-99 -99	-99 -99	-99 -99	-99 -99	-99	-9	-99	-99	-99
20904	153.9725  3.4458	149.6389  2.7289	26.9703  34.9529	8.317e-03  1.072e+00	19.4384  650.2786	0.5289  5.2271	2.9428  482.5126	0.6541836	2	58871.2861250842	8	89992
10530	-99 -99	-99 -99	-99 -99	-99 -99	-99 -99	-99 -99	-99 -99	-99	-9	-99	-99	-99
12362	149.4312  0.5926	149.8531  0.5313	26.0900  0.1531	3.1283  0.7928	0.5539  0.4467	0.9412  0.2516	-27.6599  186.0861	0.7723361	0	69504.0671860694	8	89992
11040	150.5925  0.5728	148.8203  1.1536	26.6151  0.1918	8.7123  1.5804	0.1189  0.2321	0.2409  0.0965	11.1329  5.2682	0.7387388	0	66480.5774203198	8	89992
10949	149.3269  0.8147	150.4861  0.8938	26.9427  0.2038	3.4299  1.1279	0.5087  0.5852	0.7547  0.2934	-5.4642  53.9659	0.6481665	0	58329.8017556433	8	89992
11668	146.0564  6.7097	152.4720  8.2389	27.6085  76.4394	5.3290  3109.7363	0.0534  210.3488	0.0281  2.2534	44.3772  134.0115	0.6638073	2	59737.3512071893	8	89992
12073	149.7507  0.5045	149.6564  0.7587	25.9231  0.1294	6.6277  1.1273	0.6548  0.3487	0.5375  0.1070	30.3249  10.3387	0.6744097	0	60691.4759469715	8	89992
9608	150.3328  3808.8286	149.9679  258.1618	28.3978  1250.0104	0.0122  397.1841	2.5359  3319.0588	0.1199  5775.5444	-33.8476  17792.1602	0.6894425	2	62044.3058853998	8	89992
13690	183.0889  14.7577	195.7830  20.7111	20.5132  0.9167	6671.8433  7508.2378	3.6597  1.1962	6.827e-03  1.712e-03	-35.5172  0.1319	0.6639928	2	59754.0349581846	8	89992
12286	150.4397  5.2539	149.6870  4.1515	27.2737  32.1402	0.0103  1.3318	17.4600  638.0283	0.6250  8.9293	28.4379  684.8826	0.6551989	2	58962.6633575572	8	89992
13410	148.4802  0.8168	146.6926  0.8033	27.4978  0.2650	2.1460  1.5917	1.6205  3.1436	0.9771  0.8183	71.3099  1235.6002	0.6529295	0	58758.4289455758	8	89992
19331	140.5973  0.0000	148.0550  0.0000	25.1719  0.0000	7.488e-03  1.538e-08	1.2736  0.0000	0.0258  0.0000	29.4268  0.0000	0.6628244	2	59648.8909662979	8	89992
18060	149.2043  0.3195	149.5708  0.3447	26.4619  0.1519	0.8133  2.5995	0.6001  12.0090	0.8834  1.4682	57.1627  385.9716	0.66271	0	59638.59486307	8	89992
15694	149.1784  0.2501	150.4140  0.2328	23.0297  0.7353	117.3610  300.1524	19.9995  14.4670	0.7241  0.0611	-28.9483  8.0683	0.5549026	2	49936.7981789939	8	89992
7504	154.5771  19.5511	158.4417  8.3912	22.3768  0.6212	1076.8756  827.0234	2.1913  0.6454	5.816e-03  2.446e-03	66.7636  0.1348	0.6304329	2	56733.9203912022	8	89992
20829	146.1902  1739.5344	147.3601  21280.3047	28.2848  4.3429	0.0523  843.2559	1.0895  16909.1836	0.3274  167947.5000	-68.8963  9880542.0000	0.6489017	2	58395.9614853564	8	89992
16030	148.9144  111871.2656	150.1899  173176.5469	28.1002  4074.4783	0.0748  3852448.5000	0.8190  32881976.0000	0.4505  5970373.0000	-46.2874  529032448.0000	0.8437972	2	75934.9987633599	8	89992
18880	-99 -99	-99 -99	-99 -99	-99 -99	-99 -99	-99 -99	-99 -99	-99	-9	-99	-99	-99
20657	149.6213  0.7842	148.5924  0.9591	26.9490  0.2076	6.2410  1.3886	0.1082  0.2915	0.5001  0.1506	-10.7272  15.0035	0.620081	0	55802.3313847488	8	89992
20456	148.6905  1.1019	147.9518  0.9024	28.2141  0.3778	1.0705  1.7796	1.2184  9.2530	0.9437  2.4239	81.8893  1336.7048	0.7052513	0	63466.9749023911	8	89992
9227	241.8402  0.1345	294.1154  0.1549	21.3507  0.0186	14.2251  0.4987	3.0727  0.1232	0.7720  0.0247	-11.1745  4.2048	0.6604689	0	59436.919357053	8	89992
12469	-99 -99	-99 -99	-99 -99	-99 -99	-99 -99	-99 -99	-99 -99	-99	-9	-99	-99	-99
16780	150.8994  124.7117	149.8833  176.4847	32.5659  53.5256	2.1914  437.1888	0.2191  787.5198	0.3147  196.0579	15.7228  9015.8457	0.86686	2	78010.461773573	8	89992
13726	-99 -99	-99 -99	-99 -99	-99 -99	-99 -99	-99 -99	-99 -99	-99	-9	-99	-99	-99
13100	-99 -99	-99 -99	-99 -99	-99 -99	-99 -99	-99 -99	-99 -99	-99	-9	-99	-99	-99
7002	-99 -99	-99 -99	-99 -99	-99 -99	-99 -99	-99 -99	-99 -99	-99	-9	-99	-99	-99
18064	95.3940  12.7918	37.4014  2.4174	23.3758  0.0865	93.2451  9.6902	0.0555  0.0221	0.2816  0.0294	79.2549  1.1246	0.6094013	1	54841.2380083947	8	89992
17108	149.1380  1.1561	148.4879  0.5440	25.4228  0.1105	12.3081  1.5327	0.5813  0.2469	0.2296  0.0490	-62.3868  3.0452	0.7433056	0	66891.5555481724	8	89992
5934	640.3568  372.3032	-243.6454  291.5809	14.9549  12.2632	69.7378  109.8616	1.3812  0.9404	0.1675  0.0731	51.8082  1.2997	0.5284683	2	47557.9175237874	8	89992
20487	115.5474  5.4412	163.8661  10.1913	23.0720  0.1514	206.5685  32.6453	0.5044  0.0687	0.1920  0.0250	29.2920  0.8893	0.6387069	0	57478.5145452033	8	89992
12105	151.6403  0.0000	151.6746  0.0000	26.1481  0.0000	6.327e-03  1.285e-08	5.1182  0.0000	0.1018  0.0000	86.9203  0.0000	0.5666378	2	50992.8637328976	8	89992
13874	149.5597  0.9420	150.8140  0.8279	27.5199  0.3365	2.0332  2.1661	5.7382  14.4986	0.6001  0.6296	38.1935  58.6056	0.6338156	0	57038.3352397338	8	89992
20968	-99 -99	-99 -99	-99 -99	-99 -99	-99 -99	-99 -99	-99 -99	-99	-9	-99	-99	-99
18254	11.8895  0.7100	-32.1647  2.3932	16.2503  0.4238	3391.4094  4152.1445	19.9389  8.0439	0.3491  0.0056	11.6428  0.4548	0.3222385	2	28998.8899906634	8	89992
12194	148.9664  0.2505	153.8178  0.6833	22.9029  0.0293	28.8310  0.8589	0.7397  0.0538	0.1548  0.0076	20.1927  0.4340	0.5538457	0	49841.6801655339	8	89992
14530	151.0491  0.0000	140.0080  0.0000	30.6001  0.0000	2.873e-06  5.069e-12	9.9522  0.0000	0.0500  0.0000	0.9770  0.0000	0.8733994	2	78598.9591169411	8	89992
12646	150.7484  0.7333	149.1421  0.9654	26.3143  0.1542	8.0121  1.3273	0.5450  0.3319	0.4934  0.1136	12.9630  9.9749	0.6464329	0	58173.7891870304	8	89992
20174	-99 -99	-99 -99	-99 -99	-99 -99	-99 -99	-99 -99	-99 -99	-99	-9	-99	-99	-99
19921	150.2188  0.7879	148.8193  0.6596	26.1450  0.1523	4.5292  1.0171	0.6382  0.4456	0.7876  0.1771	-57.4285  41.2493	0.7168791	0	64513.3864041468	8	89992
13377	150.4167  0.6854	149.9137  0.7285	26.6568  0.1758	3.4316  0.9427	1.2959  0.8447	0.8284  0.2916	-20.2680  63.1765	0.6555253	0	58992.0304533653	8	89992
