# ID	x	x_err	y	y_err	mag	mag_err	re	re_err	n	n_err	q	q_err	theta	theta_err	chi	flag	chi2	nfree	ndegrees_freedom
19771	149.4080  0.5442	151.9239  0.5475	27.0865  0.2034	1.9440  1.5144	0.7998  2.5093	0.9669  0.8100	-45.7959  783.0990	0.4696914	0	42267.5312011465	10	89990
6109	150.3889  0.4121	148.3668  1.2313	21.5048  5.7655	3.990e-03  6.225e-02	18.7783  53.5880	0.1955  0.5588	84.5477  22.5459	0.541086	2	48692.3297376482	10	89990
11220	147.1047  0.5911	152.1154  0.4020	25.2758  0.0852	7.9673  0.8378	0.8127  0.2552	0.4541  0.0704	66.3882  5.1784	0.5991207	0	53914.8732879189	10	89990
20316	148.8230  0.7715	151.3095  0.5782	25.5298  0.0989	8.7757  1.0319	0.5352  0.2246	0.5827  0.0811	-71.1544  8.8459	0.5736853	0	51625.9376299941	10	89990
12132	148.0685  2.2024	149.4296  1.8090	25.7790  1.1481	123.2093  434.0049	15.5045  22.3951	0.0279  0.0116	54.4854  0.6974	0.5570037	2	50124.7585995694	10	89990
16102	149.6504  0.1806	150.0872  0.1759	22.4667  0.0195	9.8987  0.2922	1.8012  0.0864	0.9513  0.0238	-60.0151  17.3746	0.4173759	0	37559.657336487	10	89990
16999	151.9092  6.4935	150.1899  151.0181	26.0858  842.5111	0.0162  24.0864	5.8075  2936.4055	0.1743  406.0739	78.2424  14564.5684	0.405366	2	36478.8871675794	10	89990
12389	151.0842  6247.8008	150.5328  3366.4048	28.1116  5370.0825	6.852e-03  1.192e+02	1.3420  17614.3730	0.0912  2531.9321	66.4105  2324.2800	0.4769906	2	42924.3799160636	10	89990
20413	151.8835  2.8583	149.1929  2.0815	28.6188  1.1712	1.9006  6.6539	8.6647  48.7049	0.0500  0.4691	71.3897  22.9647	0.5794283	2	52142.7494907004	10	89990
5929	146.1257  0.6013	151.6793  0.3102	24.2130  0.0375	17.4130  0.7657	0.3173  0.0456	0.3602  0.0205	78.9498  1.5066	0.464151	0	41768.9483793782	10	89990
13123	148.9933  0.9034	148.2937  0.6064	25.7205  0.1084	10.8329  1.1536	0.1411  0.1459	0.5297  0.0617	-88.0901  6.9104	0.6174698	0	55566.1056582785	10	89990
14557	150.5708  0.9002	149.7288  1.1838	26.7913  1.6490	8.0399  39.6279	16.8432  60.0043	0.4161  0.3445	-51.2226  23.7118	0.5878032	2	52896.4121542747	10	89990
14015	151.0560  377544352.0000	148.6511  2560478976.0000	28.1034  439.7163	0.1366  2648740.7500	0.3928  157375792.0000	0.2188  354057216.0000	-38.5397  14541758464.0000	0.5172119	2	46543.9013331415	10	89990
9741	-99 -99	-99 -99	-99 -99	-99 -99	-99 -99	-99 -99	-99 -99	-99	-9	-99	-99	-99
10220	151.7386  2.7020	150.7719  0.7151	27.0511  10.5811	0.9749  1.8353	2.2529  7.3081	0.0523  3.4024	59.3953  74.0590	0.5827969	2	52445.8905178652	10	89990
19489	150.3306  1.1352	151.4827  0.7907	27.1077  0.2134	4.4306  2.0029	0.1281  0.9176	0.3745  0.3563	81.2258  21.2033	0.6507989	0	58565.3915086277	10	89990
15614	97.0234  79828.6406	150.3988  1851.9116	24.9525  1633.5464	0.0110  25.5446	3.6414  2786.3777	0.0264  151.4706	88.8725  2538.0571	1.151734	2	103644.5003234	10	89990
17959	150.3661  243.5942	151.6889  823.2430	29.5131  3904.1853	1.000e-02  7.548e+01	9.1105  18778.5020	0.0703  2042.2776	79.6153  30230.7461	0.5940039	2	53454.4118480403	10	89990
11292	146.6882  12632.4023	149.5643  259.1643	27.4748  2489.4812	1.2252  2850.5535	0.1265  4022.4619	0.0188  1541.3002	87.0704  29909.2578	0.7287848	2	65583.3416660108	10	89990
11871	148.4343  0.3892	149.3640  0.6034	25.3899  0.0812	7.3413  0.9217	1.8740  0.6232	0.4251  0.0726	-10.0944  5.6876	0.5048047	0	45427.3785474169	10	89990
21187	150.4129  2.7176	149.3057  6.6630	27.0425  19.2116	0.0193  1.3511	16.1837  321.6874	0.2052  3.7847	77.4117  135.7405	0.5307697	2	47763.9667981813	10	89990
8188	150.7864  0.3527	149.4926  0.3150	25.1268  0.0878	2.0887  0.6224	1.5603  1.7268	0.4919  0.2520	89.4999  19.6717	0.6366883	0	57295.5806399745	10	89990
20709	150.5050  0.6672	149.4230  0.5693	26.6336  0.1733	4.2771  0.8482	0.0693  1.1367	0.6604  0.2260	-70.1663  28.8630	0.5706012	0	51348.3968113591	10	89990
17615	150.0424  8105.0562	150.6166  1397.4863	25.2631  2157.1790	0.0100  22.5943	2.1537  61567.9375	0.2022  522.6468	85.3361  115838.5156	0.4838145	2	43538.4660869383	10	89990
17296	199.5892  0.0575	233.2582  0.0709	20.5786  0.0093	9.0874  0.1318	1.8331  0.0405	0.7242  0.0109	26.4169  1.4661	0.4896449	0	44063.1490704751	10	89990
12918	148.9365  0.3855	151.4203  0.6774	25.1413  0.0838	8.5359  0.8760	0.6358  0.1794	0.3400  0.0636	6.6313  4.0400	0.5847001	0	52617.1642025179	10	89990
19261	148.8393  3.1257	150.6201  2.1014	26.5349  95.3340	0.0139  3.1207	17.2017  731.6414	0.0225  0.3978	78.7146  60.8492	0.5943787	2	53488.1322011647	10	89990
19442	173.0534  0.1688	121.9389  0.3053	22.2430  0.0217	18.7259  0.4804	1.3407  0.0619	0.4336  0.0130	29.1817  0.9834	0.5724948	0	51518.8090471131	10	89990
21024	150.2858  901.6826	150.7866  21936.5195	25.3579  850.7736	1.000e-02  1.543e+02	2.5582  149432.2500	0.2122  2703.7019	78.7891  91291.3281	0.5934517	2	53404.717654684	10	89990
13893	150.1980  1.8764	150.0153  47.9565	23.6403  78.7216	0.0427  28.4046	1.7645  781.4455	0.6660  3218.1580	-89.4765  3418042.7500	0.5589533	2	50300.2057408816	10	89990
13783	149.7531  42.0068	149.0636  441.4729	28.1720  2063.0798	0.0109  32.1805	9.0699  5585.7358	0.0656  303.0921	85.0609  7962.6650	0.5989885	2	53902.9701314498	10	89990
13474	150.4484  0.0000	149.9208  0.0000	25.5932  0.0000	0.0100  0.0000	2.7412  0.0000	0.1609  0.0000	-85.9948  0.0000	0.4995912	2	44958.2106317097	10	89990
8023	151.5281  0.7095	150.3133  0.5133	25.4297  0.0907	7.6870  1.1126	1.3471  0.4792	0.5181  0.0830	72.8051  7.5248	0.6077545	0	54691.8309772233	10	89990
9156	164.5570  1.1582	186.2962  1.3250	24.0503  0.0513	27.2028  0.8722	0.5216  0.0721	0.7734  0.0347	5.5005  9.5171	0.462868	0	41653.4931116501	10	89990
11973	149.8304  0.2004	150.5670  0.0931	21.9610  0.0202	9.8679  0.2899	1.3015  0.0599	0.2725  0.0143	75.5791  0.8005	0.6548682	0	58931.5944920042	10	89990
11936	149.1143  0.4006	148.9301  0.3090	24.0888  0.0481	9.4347  0.5801	1.0013  0.1511	0.6667  0.0458	-63.5115  5.5058	0.5447921	0	49025.8350505527	10	89990
12337	152.5528  3.9403	149.7281  3.3680	27.8013  1.8106	2.1912  9.6355	0.8812  14.9879	0.0500  2.8477	85.1394  64.2239	0.6529146	2	58755.7827167081	10	89990
18202	148.9543  0.3987	149.0727  0.5558	25.7346  0.0894	5.9940  0.8576	0.5867  0.2598	0.4926  0.0995	-29.4798  8.7005	0.4745673	0	42706.3096458937	10	89990
8931	149.9572  0.1790	150.9348  0.2134	22.3619  0.0197	12.8741  0.4380	2.5619  0.1652	0.7022  0.0234	-8.8426  2.5001	0.5015103	0	45130.9081093753	10	89990
20269	150.0511  0.8263	150.3955  0.6215	26.4847  0.1714	4.2300  1.7138	0.0870  1.2326	0.5416  0.2503	77.8456  23.1149	0.6239619	0	56150.3260642688	10	89990
15552	149.1148  32916.1094	150.6001  488.2544	24.9384  257.9227	0.0102  6.6773	2.0566  7845.6738	0.3910  852.0657	-83.3835  259660.3594	0.4707048	2	42358.7264209862	10	89990
19592	152.1899  0.4102	145.9893  0.5545	24.0350  0.0435	17.7366  0.7859	0.6740  0.0828	0.2029  0.0170	37.3632  0.9009	0.47603	0	42837.9366913875	10	89990
9583	148.8881  0.4043	149.4440  0.3836	24.9600  0.0797	6.6066  0.6984	0.5807  0.1825	0.8823  0.0884	-28.5249  31.7389	0.615306	0	55371.3870379934	10	89990
12768	150.6375  0.5154	150.5444  0.3936	25.3679  0.0943	4.1612  0.7359	0.6939  0.3872	0.5545  0.1430	85.5749  13.8918	0.6006848	0	54055.6271179549	10	89990
16307	149.5498  0.9267	149.3371  0.7066	26.8913  0.1798	7.8109  57.9344	0.0251  1.1099	0.5644  0.2232	69.6404  17.9398	0.510657	2	45954.0194476459	10	89990
15491	150.0245  0.5096	149.8469  0.7042	25.9689  0.1123	4.2663  1.2150	0.0866  0.4470	0.9924  0.2002	-15.7744  1198.1478	0.8579001	0	77202.4339163885	10	89990
11098	148.6478  0.3830	149.1413  0.4255	24.3638  0.0590	7.0507  0.5681	0.8054  0.1591	0.8002  0.0671	-9.9015  13.7237	0.6000168	0	53995.5132512936	10	89990
15960	149.8537  0.8418	149.1469  0.6092	25.9352  0.6992	23.3495  45.2176	10.1358  12.3220	0.3383  0.0892	63.5185  7.6373	0.472456	2	42516.3170854142	10	89990
11712	151.0710  5.5480	150.6949  3.6473	26.7911  3.4496	1.5403  17.8826	1.3061  10.8387	0.0464  3.0354	-83.5143  96.1739	0.6363368	2	57263.9505963307	10	89990
11943	149.2578  0.5774	152.5993  0.7142	26.2088  0.1010	4.3736  4.1814	0.0574  1.2153	0.7059  0.2223	15.0792  27.8076	0.5912964	0	53210.7596605762	10	89990
13393	150.4693  0.0941	150.6201  0.0808	20.8702  0.0185	1.2227  0.1386	18.7295  2.7241	0.6816  0.0328	66.1901  3.3535	0.6963429	2	62663.8947156238	10	89990
16119	162.7365  3.5220	132.6858  4.5889	30.9077  1.0460	2.6782  16.5734	0.5116  29.0541	0.1380  13.9512	17.9307  201.7987	0.6283898	2	56548.7978349022	10	89990
12704	146.8383  0.6812	150.3418  0.4350	25.0305  0.0704	13.6325  0.8792	0.5454  0.1236	0.4039  0.0376	-81.6162  2.8581	0.4631209	0	41676.2500925646	10	89990
18441	154.5338  0.6310	153.6281  0.5093	25.6151  0.0920	12.4047  1.0864	0.4344  0.1503	0.4078  0.0549	-47.3387  3.6332	0.5143179	0	46283.4653211542	10	89990
16450	149.6527  3.2948	151.6055  0.7749	27.5322  18.5857	3.8263  11.8139	0.3019  10.1092	0.0404  6.4586	67.4740  93.0008	0.6123223	2	55102.8841592254	10	89990
20948	149.9583  1.3228	150.3577  9.0926	27.3163  19.6159	1.3751  13.0504	1.7229  64.9170	0.0466  11.0974	-44.0868  456.1674	0.6744065	2	60689.8460108457	10	89990
16518	150.2047  1.6556	150.0746  3.2470	26.4800  9.5712	0.3040  5.5558	3.5121  44.9764	0.0500  15.9630	-52.5058  149.9986	0.7001662	2	63007.9589904672	10	89990
9667	147.5064  2.0701	149.9261  0.0593	25.5490  0.1490	11.7519  2.3092	3.6011  1.2372	9.782e-03  1.706e-03	88.7863  0.0871	0.7600087	2	68393.1802545725	10	89990
18623	149.5938  0.0000	151.3020  0.0000	19.4539  0.0000	0.0107  0.0000	0.4143  0.0000	0.0535  0.0000	56.0228  0.0000	0.6923603	2	62305.5010795864	10	89990
20572	151.5833  1.2900	150.7937  0.4354	27.9686  3.9316	3.0334  14.4235	0.2575  4.7148	0.0500  6.5810	-74.7296  206.3208	0.5778413	2	51999.9375326302	10	89990
19509	146.1108  1.7726	148.6803  1.0903	27.5703  0.2936	5.8062  3.1339	0.1115  0.9552	0.5138  0.2306	-66.1026  29.1330	0.5767447	0	51901.2542721677	10	89990
17744	186.8445  0.9958	214.1651  1.5908	23.0004  1.6592	2321.5227  8316.6104	11.2535  9.4428	0.0400  0.0042	-31.2349  0.2441	0.43226	2	38899.0740713926	10	89990
16689	149.5819  0.3435	150.8838  0.3384	24.3287  0.0531	8.5841  0.5927	0.6926  0.1286	0.6739  0.0497	43.0453  6.6910	0.4863655	0	43768.0341358307	10	89990
12428	149.8696  0.0000	149.9963  0.0000	26.7009  0.0000	1.000e-02  7.442e-09	4.1190  0.0000	0.1730  0.0000	77.4207  0.0000	0.6305108	2	56739.6654975125	10	89990
9277	181.1789  0.6442	165.1968  0.7922	24.5816  0.0644	14.7998  0.8490	0.3532  0.0801	0.7747  0.0397	1.9181  9.5285	0.6195037	0	55749.1395396529	10	89990
12811	157.5031  0.4422	149.0322  0.6942	24.4748  0.0552	18.3953  0.8988	0.3860  0.0691	0.5322  0.0278	27.1200  2.8795	0.5198792	0	46783.9305012789	10	89990
12120	132.0101  0.2511	239.0288  0.2657	22.2908  0.0444	31.8123  2.7870	3.0763  0.2596	0.8605  0.0211	25.7883  5.6486	0.5447179	0	49019.165295552	10	89990
18813	404.3671  138.5677	-361.9995  284.4250	20.0413  1.4845	315.0335  121.6450	0.4362  0.0665	0.0302  0.0085	26.0172  0.1531	0.555411	2	49981.4396929496	10	89990
20427	148.2241  0.4817	149.3546  0.2715	23.1874  0.0347	17.2449  0.5843	0.5021  0.0506	0.4512  0.0184	64.6058  1.6215	0.6006621	0	54053.5831294233	10	89990
19808	155.2334  1.1359	151.9713  0.3562	25.0334  0.0680	22.9758  1.5334	0.2088  0.0704	0.1083  0.0236	-73.5593  1.0283	0.5632454	0	50686.4510206691	10	89990
12297	148.1415  0.3739	149.0203  0.3116	23.5481  0.0370	15.1808  0.5733	0.6948  0.0672	0.7156  0.0277	-48.6868  4.1311	0.5368031	0	48306.9114164569	10	89990
9536	149.7697  0.5716	149.9336  0.7196	26.3146  0.1520	3.6068  1.0376	0.0755  2.0969	0.7696  0.2441	-15.7109  48.3839	0.5182275	0	46635.2913603303	10	89990
19540	149.9231  0.3580	150.9257  0.2638	24.7826  0.0669	5.4052  0.7140	1.8177  0.4678	0.3461  0.0794	-60.6615  4.9264	0.6351475	0	57156.9269859284	10	89990
21180	152.5144  1.0105	135.5804  0.9538	26.5917  0.1110	10.8246  1.8351	0.8913  0.4769	0.7506  0.1023	36.7041  23.1064	0.5443141	0	48982.8283055167	10	89990
12448	151.3271  0.5655	148.9539  0.5983	27.1167  0.2344	2.0942  2.5566	0.5274  3.8906	0.5492  0.7986	53.1590  67.1990	0.6467612	0	58202.0379971698	10	89990
19526	151.8129  0.6940	149.9126  0.3524	24.6788  0.0704	13.3090  0.9011	0.4039  0.1288	0.2934  0.0368	-72.3393  2.3439	0.6118567	0	55060.9843598479	10	89990
8753	151.3481  1.4270	148.7320  0.8946	26.7812  0.2517	5.5396  3.4043	6.4983  8.8707	0.0335  0.0531	55.4029  2.6174	0.6162543	2	55456.7260817065	10	89990
18008	150.6201  0.5299	149.2289  0.8126	26.5598  0.1617	4.3008  1.5037	0.2185  0.9010	0.4470  0.2238	23.7701  17.4761	0.4684171	0	42152.856376367	10	89990
8476	115.1594  26.7864	107.9852  38.1940	22.4855  0.6648	880.1348  575.6443	1.0898  0.1909	0.0117  0.0072	-35.0599  0.1534	0.6063911	2	54569.1307161678	10	89990
16268	150.0479  1.0012	149.8903  22.1652	27.4607  3.9048	0.4728  7.4624	3.8610  49.3183	0.0843  8.3433	88.0634  332.0324	0.4659326	2	41929.2740268332	10	89990
19098	192.2337  0.7449	135.0899  0.5426	22.5090  2.7826	3043.8899  22863.7910	19.9795  24.9596	0.4494  0.0478	67.6790  3.7614	0.6142747	2	55278.5779684297	10	89990
15893	163.4380  1.1612	163.2616  0.8063	24.5514  2.9366	489.4487  4466.0391	19.7478  43.7580	0.2946  0.0570	-79.8893  4.6620	0.505828	2	45519.4618891847	10	89990
8386	149.4619  0.7175	150.2429  0.7529	26.9638  0.2124	2.3043  4.0166	0.1367  5.4953	0.8769  0.7415	50.2456  209.1271	0.6412597	0	57706.9616549756	10	89990
15585	149.8961  0.3469	150.2102  0.3845	24.0044  0.0350	9.2636  0.4839	0.6441  0.0815	0.8462  0.0320	10.2449  10.9592	0.4722942	0	42501.7508151443	10	89990
16835	-99 -99	-99 -99	-99 -99	-99 -99	-99 -99	-99 -99	-99 -99	-99	-9	-99	-99	-99
19644	150.2300  4026.0024	149.7762  7403.4175	25.2274  12870.0342	0.0100  59.6444	2.3304  76695.2656	0.1477  590.0610	89.0607  149176.7500	0.4575639	2	41176.1745713736	10	89990
12066	152.4952  0.7018	146.5233  0.5510	25.1811  0.0817	8.5978  0.8616	0.5682  0.1691	0.7791  0.0652	-70.7750  13.9132	0.6149497	0	55339.322794373	10	89990
18993	149.5659  0.5406	147.7813  0.6813	26.4164  0.1558	2.7667  1.1917	0.8939  1.6367	0.6344  0.3110	-4.4474  40.9520	0.6270934	0	56432.1380251267	10	89990
11540	149.9521  0.1596	149.4960  0.1873	22.2499  0.2539	70.7306  64.3090	18.8969  6.5737	0.4351  0.0178	-24.0875  1.6757	0.6013827	2	54118.4291261291	10	89990
14056	-99 -99	-99 -99	-99 -99	-99 -99	-99 -99	-99 -99	-99 -99	-99	-9	-99	-99	-99
9923	147.9202  0.7261	150.3045  0.6030	24.8003  0.0732	10.4314  0.8368	0.5316  0.1348	0.7704  0.0619	-89.8487  12.0158	0.6256224	0	56299.7571458136	10	89990
20270	150.8252  0.9230	149.5508  0.7480	23.2709  2.1398	1033.4261  5153.7334	13.5688  14.7339	0.4105  0.0405	53.5934  3.6575	0.5751823	2	51760.6571073731	10	89990
13803	150.4453  0.1305	148.2672  0.1911	21.4696  0.0123	20.4357  0.3021	1.6256  0.0452	0.6398  0.0091	-25.9763  0.9104	0.3914069	0	35222.7027339605	10	89990
9449	150.8687  68137.0938	149.7308  14557.0137	28.4214  2163.5378	0.0635  18490.0957	1.8975  297750.9375	0.0488  6244.9976	73.2797  118217.7656	0.5583088	2	50242.2091329999	10	89990
6479	147.2704  71.8728	147.9382  105.7351	23.6160  799.2294	5.552e-03  1.577e+00	3.7549  1022.6072	0.0747  48.9763	-13.7801  9112.6924	0.6126485	2	55132.2428063461	10	89990
15435	149.1539  9.7844	150.8040  1085.2024	25.3036  1940.6465	0.0101  52.6960	4.8811  9635.8584	0.2415  487.4886	83.7890  107841.6328	0.5043757	2	45388.7713301951	10	89990
8058	151.5191  0.7606	150.2465  0.8394	27.2704  7.1806	3.8556  29.1872	0.1037  9.8318	0.0981  2.3781	45.0495  37.0580	0.6242036	2	56172.0847423373	10	89990
18939	46.8296  2.5048	149.1814  7015.5005	26.6228  1512.1110	0.0110  237.3322	1.3192  6392.4150	0.0578  1996.7722	87.3520  16945.4707	0.7117604	2	64051.3193292048	10	89990
14769	133.2059  0.9621	143.6638  0.3683	23.9926  0.0477	38.8721  1.1524	0.2219  0.0269	0.2228  0.0099	-69.4474  0.6903	0.5657914	0	50915.5673428166	10	89990
12243	150.0557  0.0000	149.4590  0.0000	26.7517  0.0000	0.5715  0.0000	1.0136  0.0000	0.0145  0.0000	59.4234  0.0000	0.5759074	2	51825.9078386051	10	89990
15183	148.6311  0.5799	149.1483  0.4418	25.0754  0.0634	14.9629  0.8674	0.6166  0.1279	0.1370  0.0261	-53.7479  0.9884	0.4062595	0	36559.2970211799	10	89990
8310	149.6149  0.1598	150.8286  0.2967	22.8075  0.0283	10.4760  0.3848	0.9685  0.0702	0.3613  0.0211	2.3817  1.3854	0.5791539	0	52118.056893266	10	89990
12715	149.7749  0.2288	153.2612  0.6914	24.7759  0.0615	12.9495  0.9344	0.5893  0.1152	0.1349  0.0311	2.0071  1.2374	0.4758142	0	42818.517070316	10	89990
13131	150.0747  0.3926	149.4729  0.4676	25.8205  0.1154	3.0096  0.9124	2.1363  1.4446	0.2525  0.2215	-15.0163  9.6281	0.5674713	0	51066.74619958	10	89990
18294	148.5012  0.7207	147.4351  1.0238	26.5121  0.1614	5.0645  1.4154	0.5090  0.5014	0.4697  0.2116	12.6486  17.3000	0.5944011	0	53490.1539589238	10	89990
18186	148.4724  0.4333	150.9124  0.4937	24.7846  0.0635	7.5032  0.6412	0.8531  0.1864	0.7584  0.0644	-3.8497  11.9295	0.4954608	0	44586.5196210112	10	89990
7981	-99 -99	-99 -99	-99 -99	-99 -99	-99 -99	-99 -99	-99 -99	-99	-9	-99	-99	-99
13675	150.0618  0.1076	150.0556  0.1146	23.0844  0.0310	2.3875  0.1977	1.8569  0.4206	0.7925  0.0742	31.3901  14.8392	0.5585476	0	50263.7009093234	10	89990
6792	149.0217  0.9106	149.4787  0.4115	25.4639  0.1036	10.4007  1.2090	0.4268  0.1805	0.2675  0.0642	-65.5322  3.6689	0.6194474	0	55744.0741180628	10	89990
13308	150.6680  0.3110	151.1696  0.4243	23.1399  0.0337	13.5748  0.5400	1.0181  0.0903	0.6225  0.0278	5.9143  3.1383	0.6072488	0	54646.3182882087	10	89990
16718	152.3795  0.5144	181.5827  1.1748	25.3698  0.0902	15.9662  1.4163	0.6765  0.2108	0.2733  0.0411	-2.5891  2.3932	0.5923053	0	53301.5558872946	10	89990
20100	143.0948  0.6134	150.8446  0.3403	25.3776  0.0833	9.3698  3.1176	0.0549  0.1797	0.3544  0.0581	80.1108  3.1510	0.5102484	0	45917.2575463282	10	89990
18188	151.1711  2.8925	151.2324  0.6908	27.1980  4.9717	1.8285  12.6531	1.8075  24.2273	0.0429  1.5943	-49.9671  43.9490	0.5119934	2	46074.285076129	10	89990
19916	146.0968  1.9132	149.3520  0.9705	26.9283  0.1685	14.6342  2.5622	0.5682  0.4687	0.2128  0.0768	-62.8786  4.2273	0.5552697	0	49968.7210994955	10	89990
14350	148.0822  0.4123	150.8925  0.3674	24.2679  0.0584	10.2076  0.6646	0.3741  0.1001	0.4379  0.0397	45.5953  3.1345	0.582541	0	52422.8618800222	10	89990
16167	150.4621  4.9541	149.7094  0.4378	27.6704  1.6914	39.8659  203.3786	11.8657  32.1181	0.0227  0.0225	-85.4678  1.5722	0.4921056	2	44284.5825261373	10	89990
15472	135.2164  0.4846	145.5841  0.2654	22.9714  0.5332	303.5764  532.3830	17.5224  9.3670	0.1035  0.0100	85.2506  0.4843	0.4615126	2	41531.5145038438	10	89990
12737	149.7663  0.4232	150.8291  0.5709	24.8166  0.0601	11.4628  0.7049	0.5663  0.1091	0.5628  0.0429	-13.3830  4.1359	0.4105411	0	36944.5936568841	10	89990
12837	152.4445  0.7945	151.0688  0.6230	25.5719  0.1021	8.8802  0.9785	0.3485  0.1521	0.6290  0.0776	77.1546  9.8110	0.5938227	0	53438.1075713938	10	89990
20200	375.7924  38.4494	130.9643  7.1297	17.9007  2.9457	25.3312  9.6470	1.2211  0.2962	0.6150  0.1034	-72.3855  4.1469	0.5608985	2	50475.2593509966	10	89990
7258	148.6296  0.3905	151.1608  0.4018	23.6228  0.0469	15.4417  0.6535	0.2763  0.0506	0.4563  0.0242	42.2143  2.2387	0.7735978	0	69616.0706498372	10	89990
19547	155.0618  8.4171	148.6187  0.4133	27.1868  7.7334	8.7693  82.3497	0.0598  2.0080	0.0238  0.1105	88.7168  15.5765	0.5722271	2	51494.7150454251	10	89990
19391	161.0861  1.2677	147.5783  0.8452	26.6854  0.1547	13.2761  1.7982	0.1393  0.1645	0.4772  0.0724	-83.0787  6.7614	0.6071836	0	54640.4566553759	10	89990
14450	149.9025  0.7814	150.1610  0.5738	25.8604  0.4757	4.9327  1.6642	0.1004  0.8180	0.5088  0.1958	61.8330  17.1595	1.085817	0	97712.6999861733	10	89990
19627	149.0027  0.6886	150.4793  0.7885	27.0035  0.2020	2.7691  1.9060	0.3173  1.8576	0.8354  0.4431	12.7543  112.3042	0.6107965	0	54965.5739373496	10	89990
9401	181.5653  0.3502	149.1450  0.1488	22.3943  0.0216	19.6596  0.4347	1.0408  0.0468	0.2966  0.0096	88.6169  0.5631	0.5063784	0	45568.9954142705	10	89990
21114	150.2215  0.4547	152.4975  0.5137	26.4115  0.1464	4.1845  0.8474	0.0730  0.9420	0.6177  0.2267	-68.2769  24.8529	0.5761682	0	51849.3748862935	10	89990
10638	149.8461  0.4851	150.8773  0.4883	26.0187  0.1238	3.5388  1.0688	2.7187  1.8533	0.1008  0.2234	-40.6389  5.6465	0.4769817	0	42923.5851830811	10	89990
11596	150.4364  0.4026	151.6032  0.8525	24.7607  0.0784	12.8912  0.9991	0.6299  0.1620	0.2695  0.0419	0.0247  2.5468	0.6292736	0	56628.3321313784	10	89990
13806	-99 -99	-99 -99	-99 -99	-99 -99	-99 -99	-99 -99	-99 -99	-99	-9	-99	-99	-99
21069	154.9991  0.8602	159.2865  1.3885	25.7236  0.1018	18.9502  1.8065	0.5453  0.1861	0.2227  0.0383	-32.5467  2.2471	0.5714157	0	51421.7025578875	10	89990
10235	149.8673  0.0000	151.9548  0.0000	27.7859  0.0000	0.5139  0.0000	0.0741  0.0000	0.2264  0.0000	-73.8493  0.0000	0.6315399	0	56832.2725424936	10	89990
9917	150.2689  0.4083	149.8906  0.3990	25.0473  0.0792	3.7775  0.5891	0.9554  0.2980	0.9530  0.1318	-58.3493  117.3874	0.5314788	0	47827.7749595876	10	89990
20587	241.8852  11.1316	-63.8632  35.9495	20.2092  6.7052	941.0870  14249.6865	18.4940  169.2188	0.2807  0.0371	18.7871  1.4186	0.5507172	2	49559.0462886512	10	89990
7478	152.1384  0.3746	153.4184  0.2879	22.1606  0.0211	31.6484  0.4031	0.5416  0.0241	0.2436  0.0063	-53.7835  0.3822	0.5757978	0	51816.0415420171	10	89990
21098	147.4994  7.9643	150.2851  2.1529	26.2658  1.6278	7.2120  32.2089	0.2878  0.7092	0.0595  0.7250	88.9754  56.4951	0.5846256	2	52610.4577245427	10	89990
21210	149.9524  2278126.7500	151.7995  9270.3975	24.4615  619.9203	1.000e-02  4.419e+01	0.9694  4647.9355	0.8749  10443.7148	86.2215  9845856.0000	0.6294931	2	56648.0776568408	10	89990
19483	153.1520  1.6135	150.5970  0.8686	27.3856  0.2233	7.0469  2.5540	0.0603  0.6912	0.3087  0.1912	69.5764  14.5209	0.6321325	0	56885.6027057002	10	89990
17291	-99 -99	-99 -99	-99 -99	-99 -99	-99 -99	-99 -99	-99 -99	-99	-9	-99	-99	-99
7663	160.3707  0.7488	151.1589  0.2776	23.8181  0.0461	20.5557  0.8487	0.2624  0.0448	0.2587  0.0164	-80.8746  1.1371	0.6096852	0	54865.5744339406	10	89990
8017	149.7731  1.1455	148.3634  0.9943	28.2829  0.3421	2.5116  5.1842	0.1432  6.0196	0.9334  0.7503	69.4104  431.7776	0.6127456	0	55140.9789711059	10	89990
13735	149.4973  0.0000	149.2290  0.0000	22.1774  0.0000	5.005e-03  2.451e-07	6.5596  0.0000	0.0829  0.0000	-58.2901  0.0000	0.6588377	2	59288.8063354374	10	89990
10212	149.5138  405396542074422427269938188124160.0000	150.1991  85353146875904.0000	31.4274  16521328948729334900923090075648.0000	1.000e-02  5.823e+11	0.2178  37408749912064.0000	0.0500  38025296437884787759823022194688.0000	81.9382  1305345255454449588177244088434688.0000	0.5706719	2	51354.7578813329	10	89990
19997	150.4190  0.4301	149.2400  0.5145	24.5169  0.0672	7.3005  0.6541	0.7705  0.1832	0.7255  0.0707	-5.8944  10.8691	0.6814125	0	61320.30531057	10	89990
13344	301.5449  0.0693	213.5494  0.0412	18.5267  0.0120	28.5044  1.3301	9.4681  0.2364	0.7236  0.0044	42.1679  0.6791	0.3146706	2	28317.2067009816	10	89990
17088	101.0917  4.0311	334.4517  8.5571	18.9241  0.0546	220.0546  4.1883	0.7971  0.0115	0.0454  0.0012	25.2816  0.0259	0.2918595	2	26264.4338468806	10	89990
19642	147.4827  0.9949	154.2088  0.9531	26.4440  0.1513	7.0767  1.2865	0.2257  0.2210	0.9095  0.1372	60.8740  67.2203	0.6234952	0	56108.3356418	10	89990
16401	149.2235  0.3248	149.7905  0.4944	25.5754  0.1181	3.3960  47.1811	0.0494  2.2117	0.3741  0.2666	10.3605  14.1139	0.6317706	2	56853.0326177889	10	89990
20905	150.6496  0.0000	150.2456  0.0000	26.8534  0.0000	0.3059  0.0000	0.4967  0.0000	0.0676  0.0000	-42.1598  0.0000	0.6148743	2	55332.5407846797	10	89990
13619	149.2569  0.4036	150.5789  0.3881	25.1891  0.0918	5.2532  0.7359	0.3710  0.2431	0.8179  0.1131	42.6538  27.3941	0.6520977	0	58682.2744053849	10	89990
13261	146.8772  2.5772	151.6179  2.5894	29.2203  1.3092	5.0899  15.6340	0.3786  2.3670	0.0500  1.1175	67.5925  48.7189	0.5247575	2	47222.9286954888	10	89990
11273	117.1585  0.1478	182.2973  0.2620	22.8420  0.0298	11.5334  0.5397	2.1628  0.1740	0.2795  0.0189	-29.2094  1.0707	0.6171227	0	55534.8706663732	10	89990
19965	151.3173  1.9793	149.8477  0.6663	27.2245  0.3118	7.7182  2.2660	1.8384  1.7359	0.0380  0.0648	-83.6178  3.6409	0.5593894	2	50339.4504536508	10	89990
7339	150.0132  0.3976	149.9967  0.2642	24.3793  0.0548	6.0676  0.5162	0.5731  0.1565	0.5140  0.0595	-87.1292  5.2235	0.5628464	0	50650.5461327286	10	89990
7492	149.7702  0.2080	150.8556  0.1951	22.9309  0.0293	9.2323  0.3981	1.3530  0.1020	0.9103  0.0368	33.3956  14.9815	0.5597829	0	50374.8667746387	10	89990
11685	143.0706  0.8418	154.5099  1.2842	27.5479  0.2257	4.1041  1.8088	0.6851  0.8867	0.7746  0.4011	-80.2710  79.3977	0.5919861	0	53272.8326164475	10	89990
11156	152.7943  0.4388	145.5155  0.5777	24.8209  0.0724	11.6980  0.8155	0.4054  0.1047	0.4783  0.0472	16.6409  4.2241	0.580106	0	52203.7362852193	10	89990
13202	151.0645  0.3510	150.2079  0.5156	26.0556  0.1090	4.2035  0.8732	0.6701  0.4384	0.3315  0.1871	21.6032  9.2119	0.4900455	0	44099.1956955981	10	89990
17789	150.0030  0.8407	149.8392  0.9570	27.3312  0.2411	2.8241  1.5245	0.6314  1.1810	0.9974  0.4115	13.7727  7626.2632	0.4593965	0	41341.0952994508	10	89990
8025	184.1239  2.4781	74.6957  5.2671	22.6070  0.1759	356.0258  90.1414	2.1806  0.3407	0.0389  0.0037	25.1111  0.1559	0.5962511	2	53656.6347360881	10	89990
17066	149.5166  0.5075	149.8359  1.0961	25.5831  0.2050	0.3962  0.8260	7.1268  11.9232	0.1549  0.5879	-78.9156  18.0318	0.444211	2	39974.5457765729	10	89990
13813	149.7327  1.0295	150.4355  5.5169	21.3921  1432.1514	0.0108  40.3202	4.5751  6743.7554	0.6468  347.9672	68.7054  15558.2158	1.052849	2	94745.8691410221	10	89990
14978	149.3275  2444.2922	149.5552  5648.4668	26.7369  6020.9712	0.0103  83.0856	2.6435  28112.3730	0.1730  2009.8625	77.1064  145410.4688	0.5480181	2	49316.1468739589	10	89990
19033	146.5071  3802.8752	150.5607  1295.5547	22.4626  165.0132	0.0101  1.6655	0.0596  4289.9297	0.7289  69.7250	-89.3375  2144801.0000	0.619805	2	55776.2488245654	10	89990
19718	149.8913  0.2984	150.3004  0.2705	24.4445  0.3241	1.2289  1.4040	19.8949  16.7294	0.2566  0.0574	47.3728  3.3530	0.4014428	2	36125.8400984468	10	89990
20395	113.7910  2.2922	215.7802  3.9507	22.8550  0.0338	125.8683  5.2894	0.5431  0.0444	0.2473  0.0091	32.7301  0.4624	0.5440399	0	48958.1502792796	10	89990
19237	151.0828  1.5782	148.8837  3.1263	26.6116  5.8304	1.0046  12.1687	1.4828  57.6709	0.0479  18.6048	23.3389  958.2068	0.6610933	2	59491.7877394547	10	89990
12660	150.0261  0.4675	149.6029  0.5144	26.4920  0.1796	1.5437  2048.8628	0.0409  127.2545	0.7294  2.1856	-51.8927  1268.0232	0.5534002	2	49800.4838278353	10	89990
12690	130.8165  0.2962	127.5120  0.3572	23.3818  0.0310	25.3920  0.6616	0.2041  0.0245	0.3344  0.0104	-38.8915  0.7294	0.4465128	0	40181.6872878913	10	89990
18650	149.8997  12.6348	150.5687  93.5759	26.8085  976.8155	0.0123  21.2517	7.7521  3488.9644	0.0877  340.3396	73.8856  2887.7170	0.6058663	2	54521.906843727	10	89990
21022	150.1912  1.0385	150.1306  0.4603	26.7752  0.3572	7.0289  1.6512	0.0593  0.6552	0.2538  0.1075	82.7206  11.6713	0.6045673	0	54405.0179707787	10	89990
18894	149.5038  0.0000	150.3266  0.0000	26.2532  0.0000	1.000e-02  6.556e-09	2.8789  0.0000	0.4386  0.0000	77.8764  0.0000	0.6415768	2	57735.4919191963	10	89990
14379	153.2249  0.9562	149.7423  0.5097	26.1643  0.1282	7.1865  1.3700	0.1500  0.2947	0.2518  0.1130	81.6996  6.6486	0.7683704	0	69145.6524867168	10	89990
17532	151.7343  0.4299	146.9140  0.3670	25.3160  0.0538	6.3363  0.6337	0.4846  0.1623	0.7809  0.0555	62.3371  15.2389	0.4641095	0	41765.2127330336	10	89990
19022	149.8016  0.4883	148.9809  0.8342	24.4311  0.0623	15.1959  1.2214	1.2007  0.2368	0.4752  0.0450	6.5588  3.4751	0.6283106	0	56541.6713738793	10	89990
16079	951.5703  480.3326	-210.9187  247.2345	18.5734  0.9774	655.3586  370.5006	0.0924  0.0489	0.3081  0.0807	57.4415  3.4469	0.4650993	2	41854.2874352933	10	89990
14400	149.2832  0.3438	150.2464  0.2056	25.1811  0.0515	5.5068  0.4810	0.5639  0.1831	0.3138  0.0693	78.5793  3.8203	0.1996711	0	17968.4032028866	10	89990
14143	146.2991  5.2951	157.2756  7.2723	20.1099  0.2898	1951.2618  556.0071	2.2513  0.2072	0.0375  0.0031	-36.1470  0.1085	0.4229223	2	38058.7783179917	10	89990
14075	137.3615  0.2170	124.7127  0.8954	23.1856  0.0308	67.0142  0.6939	0.1193  0.0107	0.1840  0.0036	-13.1902  0.2201	0.5377741	0	48394.2944814854	10	89990
13936	96.1174  6.7145	-66.9481  10.9412	18.3984  0.7362	38.4847  32.8728	5.2963  2.2185	0.0818  0.0032	-31.6380  0.1100	0.4094031	2	36842.1887133412	10	89990
18368	134.2523  0.6823	141.4987  0.3851	24.1089  0.0367	26.0066  0.5571	0.3304  0.0421	0.4570  0.0161	-70.7092  1.6568	0.414869	0	37334.0651309854	10	89990
9746	149.4821  0.3794	150.6605  0.5080	25.4923  0.0970	4.2789  0.7610	0.7001  0.3879	0.5595  0.1354	-18.1745  13.0786	0.616168	0	55448.952276767	10	89990
19630	147.8195  0.7003	149.7810  0.4312	26.2896  0.1199	5.4016  1.1082	0.7623  0.4667	0.2202  0.1722	80.8557  6.5939	0.4726775	0	42536.2508897861	10	89990
6941	150.4496  1.0033	151.6301  1.0518	26.0182  0.1244	8.2697  1.6517	0.9802  0.4626	0.9566  0.1564	-30.1452  132.9240	0.6278375	0	56499.0961374584	10	89990
19464	149.5060  0.7332	150.3260  0.5577	26.1484  0.1497	3.6196  1.0610	1.6023  1.4302	0.3547  0.2552	85.8959  14.2755	0.6832632	0	61486.8559344152	10	89990
13709	-99 -99	-99 -99	-99 -99	-99 -99	-99 -99	-99 -99	-99 -99	-99	-9	-99	-99	-99
13063	147.8444  0.0000	150.3883  0.0000	22.2555  0.0000	4.209e-03  2.550e-07	4.8773  0.0000	0.2379  0.0000	82.7992  0.0000	0.461143	2	41498.2573006028	10	89990
19725	148.5581  0.7015	149.6770  0.8616	26.1667  0.1433	12.5064  3.8295	0.0267  0.0295	0.3419  0.0863	-31.0793  6.3078	0.5081716	2	45730.364108959	10	89990
15276	148.9472  0.3192	150.4828  0.5987	24.9825  0.0746	7.3032  0.7712	0.7283  0.1966	0.3251  0.0629	5.6045  3.9278	0.5297443	0	47671.6875236785	10	89990
12158	149.0982  0.6602	150.3230  0.6329	25.4066  0.0940	9.8222  1.1371	0.7714  0.2628	0.2877  0.0630	44.7436  3.6096	0.5493542	0	49436.3860663955	10	89990
12253	150.3325  0.4330	149.6000  0.4094	25.3386  0.0963	4.0617  0.7377	0.7592  0.3612	0.9791  0.1544	37.0107  304.1586	0.6375419	0	57372.3981728818	10	89990
21097	144.5111  5.1182	163.2546  10.3338	21.3187  0.1888	590.5173  113.7890	1.1726  0.1002	0.0624  0.0094	26.5060  0.2686	0.5068402	2	45610.5451404416	10	89990
11588	149.9873  0.0000	149.8781  0.0000	25.7174  0.0000	1.000e-02  2.219e-08	2.6485  0.0000	0.1614  0.0000	88.2116  0.0000	0.673862	2	60640.8375369382	10	89990
20465	147.4364  0.9364	149.4506  1.0022	26.8732  0.1892	6.8665  1.9572	0.4416  0.4934	0.1141  0.3513	-41.8405  8.9581	0.6076523	0	54682.6288388383	10	89990
21041	150.5550  0.7198	149.3771  9.6626	27.2203  53.0657	2.3408  209.2808	0.3577  311.8244	0.0500  85.4883	-85.8317  1830.8762	0.6172534	2	55546.6355436153	10	89990
18927	150.2916  43.9425	149.2852  578.2498	25.3734  1884.3958	0.0109  46.2822	3.5977  5643.6353	0.1676  1950.3929	54.5164  18944.0801	0.5483783	2	49348.5628259462	10	89990
19325	149.7886  0.6012	151.9084  0.8135	25.8825  0.1169	5.8291  1.0749	0.5702  0.3361	0.5784  0.1293	-8.4697  14.2782	0.6511735	0	58599.1026973409	10	89990
20324	151.0603  0.5946	149.2348  0.4557	25.4548  0.1165	7.3402  1.8057	5.3759  2.9388	0.5365  0.1065	-82.3856  8.9534	0.4994418	0	44944.770800711	10	89990
6528	151.2555  0.8769	150.7717  0.6270	26.8030  0.1843	3.9065  1.8205	0.1329  1.2826	0.4308  0.2941	86.7735  20.6495	0.5284407	0	47554.382283548	10	89990
15306	149.8544  0.0000	149.3975  0.0000	27.3102  0.0000	0.3603  0.0000	1.1557  0.0000	0.0382  0.0000	29.7376  0.0000	0.4546991	2	40918.372865012	10	89990
6093	150.5664  0.0000	151.4964  0.0000	23.1746  0.0000	7.357e-03  6.630e-08	4.4097  0.0000	0.7323  0.0000	21.7266  0.0000	0.5836937	2	52526.5995566135	10	89990
19198	151.0796  27.3175	150.3876  24.0073	29.9020  1502.3475	0.0113  37.5307	0.6154  681.9374	9.170e-03  5.339e+01	71.3993  3705.0420	0.6353688	2	57176.8404740337	10	89990
19677	149.1626  0.8697	149.3483  0.2652	24.9854  0.1222	12.3408  1.7483	0.4796  0.1984	0.0488  0.0538	89.3308  1.4015	0.6106443	2	54951.8818831386	10	89990
17329	-99 -99	-99 -99	-99 -99	-99 -99	-99 -99	-99 -99	-99 -99	-99	-9	-99	-99	-99
11800	149.1900  0.0000	150.7965  0.0000	23.0960  0.0000	8.338e-03  7.038e-08	4.7783  0.0000	0.2574  0.0000	-88.0991  0.0000	0.5272663	2	47448.6962208425	10	89990
10538	149.0369  0.5467	148.9178  0.4607	26.3393  0.1346	2.9170  0.8298	0.0663  2.6786	0.7460  0.2702	65.0124  49.6394	0.4660841	0	41942.9036434293	10	89990
20635	149.3519  0.5673	149.2076  0.4087	24.0015  0.0510	14.4926  0.8353	0.7097  0.0969	0.2117  0.0245	-54.1667  1.3143	0.6152605	0	55367.2968262037	10	89990
19991	157.8049  1.5239	148.3224  0.4747	25.3732  0.2804	8.8696  39.6031	0.0504  0.7956	0.0955  0.0657	78.7313  5.0275	0.5927963	2	53345.7388257339	10	89990
12798	149.7193  0.2855	149.5333  0.2634	23.5182  0.0347	10.1256  0.3614	0.3244  0.0447	0.8630  0.0262	-57.3134  9.1295	0.3969183	0	35718.6789061348	10	89990
13129	152.0207  0.0000	161.5107  0.0000	23.6188  0.0000	8.012e-03  4.107e-08	1.9220  0.0000	0.0387  0.0000	83.0182  0.0000	0.619877	2	55782.7320505735	10	89990
15547	149.6250  86.4122	150.6384  1959.4325	24.1040  4634.3462	0.0100  15.2888	3.9989  697.8889	0.1261  120.8025	87.9045  140186.4844	0.4516181	2	40641.111165761	10	89990
15461	140.5612  239.2803	70.5867  199.9868	28.4370  27348.1680	3.1348  86401.6484	0.0769  47823.3125	0.0384  3641.0476	-88.3022  535269.8125	0.7759507	2	69827.8036581296	10	89990
20934	147.3038  0.9935	147.4806  0.6667	27.4669  0.3518	7.5484  1.1689	0.0643  0.6891	0.2107  0.1697	-78.3958  9.1742	0.6955187	0	62589.7260564424	10	89990
11764	148.2284  0.0000	150.3152  0.0000	23.5601  0.0000	0.0108  0.0000	2.7125  0.0000	0.4339  0.0000	76.7957  0.0000	0.7702684	2	69316.4551961907	10	89990
19192	151.1952  0.2452	150.2760  0.5466	23.6934  0.0440	14.8216  0.6364	0.5149  0.0792	0.2888  0.0224	-16.2707  1.4105	0.5710979	0	51393.0950869425	10	89990
19212	151.2704  0.6310	149.9041  0.5759	25.5864  0.1078	7.5974  1.2106	0.8360  0.3196	0.1150  0.1214	-45.4789  3.4016	0.632136	0	56885.9249998938	10	89990
18983	150.6583  0.7504	150.6082  0.7759	26.4186  0.1632	3.8340  1.1775	0.6616  0.5079	0.8728  0.2438	40.1769  82.3862	0.6071702	0	54639.2454898811	10	89990
19715	149.7848  1.2490	149.3482  1.1174	27.3728  0.3167	4.0090  3.1283	0.0966  1.7646	0.3217  0.9238	77.0566  34.7298	0.6008729	0	54072.5489173651	10	89990
11948	149.9135  0.6503	152.0865  1.0836	26.2008  0.1238	7.2542  1.3773	0.2665  0.2045	0.9846  0.1700	14.6822  376.1705	0.5518708	0	49662.8570429938	10	89990
19405	-99 -99	-99 -99	-99 -99	-99 -99	-99 -99	-99 -99	-99 -99	-99	-9	-99	-99	-99
18989	149.6758  0.4578	152.0514  0.4857	23.9655  0.0483	15.1377  0.8252	0.7538  0.1028	0.7640  0.0391	39.6372  7.0895	0.6111847	0	55000.5150613526	10	89990
11999	154.1063  0.6956	155.4141  0.7829	25.3720  0.0914	13.1711  1.4418	1.0623  0.3305	0.1990  0.0455	-41.4608  2.4232	0.6187832	0	55684.2984020934	10	89990
12414	-99 -99	-99 -99	-99 -99	-99 -99	-99 -99	-99 -99	-99 -99	-99	-9	-99	-99	-99
6989	-99 -99	-99 -99	-99 -99	-99 -99	-99 -99	-99 -99	-99 -99	-99	-9	-99	-99	-99
16218	146.3096  0.4292	147.0419  0.4055	25.3392  0.0733	8.1277  0.7186	0.6686  0.1966	0.8200  0.0741	-48.3617  16.8030	0.4871213	0	43836.0444556438	10	89990
19374	149.0931  177.0247	150.5983  138.1248	22.3931  219.6916	1.414e-03  2.346e-01	3.9057  2535.6709	0.2054  140.0195	-38.3262  5214.8340	0.6179835	2	55612.3293427472	10	89990
13467	150.9604  0.0000	148.8047  0.0000	24.3003  0.0000	1.000e-02  5.177e-08	2.8703  0.0000	0.4205  0.0000	76.4594  0.0000	0.4903561	2	44127.142516164	10	89990
12368	149.9674  61.4232	147.3674  8810.5947	24.4023  2929.3379	7.242e-03  2.896e+01	3.4319  9407.9385	0.4679  2238.9248	89.1252  211187.1719	0.6319621	2	56870.2653553432	10	89990
20438	150.9299  0.8256	149.9347  0.7624	26.9176  0.2114	3.3301  74.5974	0.0481  2.9986	0.8682  0.5276	-61.6420  128.2335	0.6320803	2	56880.9004285366	10	89990
20567	152.4113  0.0283	150.7701  0.0365	19.8030  0.0062	5.5349  0.0694	2.9028  0.0395	0.6827  0.0090	34.5393  1.0226	0.4097195	0	36870.6575871673	10	89990
20886	152.0284  0.9468	151.0872  1.2029	25.4745  0.0832	13.9450  1.6107	0.9574  0.3188	0.7336  0.0723	22.8640  14.2002	0.609241	0	54825.5970809394	10	89990
19443	150.4580  171.2709	150.0769  196.1027	25.7137  2867.3564	0.0114  89.2292	3.8225  14127.6934	0.8851  5997.5771	47.7887  446980.5938	0.6140629	2	55259.5235115064	10	89990
10903	150.4096  0.5602	149.3782  0.5796	26.5513  0.1777	2.2919  1.1547	0.7212  1.7485	0.9673  0.4953	29.4744  523.9652	0.658573	0	59264.9814258036	10	89990
19625	153.3570  0.8061	148.2928  0.5875	26.2380  0.5445	8.6033  2.3597	0.4347  0.2555	0.0512  0.1555	52.1618  3.4081	0.5403306	2	48624.3484557818	10	89990
12232	143.6847  0.0000	152.2788  0.0000	27.5598  0.0000	7.528e-03  1.031e-08	0.9395  0.0000	0.2544  0.0000	24.7323  0.0000	0.5748795	2	51733.4009525399	10	89990
11937	151.7588  8.0910	152.7451  2.7088	28.5606  2.6898	5.5914  33.5803	16.0669  131.6927	0.0394  0.2521	-81.5694  12.8165	0.6087619	2	54782.4818800058	10	89990
15249	148.7742  0.2599	133.2045  0.4215	24.5254  0.0474	10.2001  0.8666	1.8213  0.3379	0.4316  0.0398	1.3264  3.2967	0.3035971	0	27320.7059739943	10	89990
13096	149.5123  0.2707	150.7004  0.2733	23.1364  0.0391	9.7216  0.5098	0.9625  0.1042	0.3972  0.0298	43.3088  2.0963	0.7759125	0	69824.3645314439	10	89990
7862	147.6992  0.6168	148.1829  0.8178	23.4226  6.4693	5.372e-03  1.271e-01	19.8862  106.7729	0.6596  1.3527	85.4684  133.7659	0.5445337	2	49002.5909792255	10	89990
16624	210.9359  0.0410	31.0924  0.0438	19.5461  0.0068	5.6506  0.0776	3.0600  0.0586	0.8531  0.0110	29.1509  2.7492	0.601598	0	54137.8062828486	10	89990
13628	148.9426  0.5928	148.7231  0.3986	25.5381  0.0935	7.9517  0.8885	0.7943  0.2812	0.4847  0.0773	-55.2007  6.3354	0.5685346	0	51162.4272957586	10	89990
5953	147.9852  0.2939	151.2307  0.2458	22.2472  0.5266	243.7078  385.2939	16.3701  7.1688	0.5483  0.0266	70.4334  2.6015	0.5594305	2	50343.152284775	10	89990
20534	131.4262  12.2458	135.5667  28.1754	19.3417  0.6309	3177.1755  1683.3103	1.6492  0.2619	0.0416  0.0132	23.4779  0.3953	0.5342224	2	48074.6698624519	10	89990
13620	171.0913  0.3773	148.0273  0.3388	24.2559  0.0424	8.9908  0.5674	1.0942  0.1515	0.9613  0.0502	-56.1330  51.1455	0.4466115	0	40190.5660195753	10	89990
13955	149.6503  79.1831	147.2798  162.1367	26.9200  2223.9646	7.124e-03  1.784e+01	5.4370  8170.7480	0.0638  276.3976	55.4558  43976.7734	0.609494	2	54848.3700017725	10	89990
14754	117.9248  1.3170	265.5326  9.3085	22.9908  0.1021	77.6525  6.3332	0.3564  0.0313	0.1011  0.0065	8.0390  0.3292	0.5567694	0	50103.6764367008	10	89990
20306	150.6020  4818.4888	150.5585  14989.5225	26.5819  6641.2363	0.0101  59.2941	2.9195  41879.5508	0.0924  2096.3252	79.8481  115011.5156	0.5712116	2	51403.3310278602	10	89990
15094	147.9944  0.2724	121.0846  0.6477	25.1077  0.0777	8.8590  1.7346	4.8955  1.2278	0.0523  0.0171	3.1765  0.7050	0.5381146	2	48424.9321997771	10	89990
8860	150.1744  0.4972	149.3577  0.8143	26.2530  0.1452	3.9614  1.2438	0.2255  0.5225	0.7586  0.1871	-7.4241  40.9127	0.5853085	0	52671.9097787836	10	89990
20223	147.5085  0.2849	150.6011  0.2152	22.3362  0.0226	18.8109  0.4115	0.4805  0.0305	0.2361  0.0094	-52.2577  0.5802	0.5656224	0	50900.3606808926	10	89990
13678	149.5940  0.4687	150.8864  0.3687	23.7969  0.0490	10.2589  0.5927	0.5676  0.0931	0.7049  0.0407	72.0044  6.0876	0.6562989	0	59060.3371058996	10	89990
12327	150.0306  0.0000	150.4772  0.0000	26.8117  0.0000	0.1392  0.0000	0.7115  0.0000	0.0864  0.0000	61.8032  0.0000	0.5675473	2	51073.5773194281	10	89990
10388	149.6775  0.7331	149.9966  0.5986	26.7305  0.1829	2.5263  1.9873	0.3414  2.4529	0.6570  0.4070	-72.4544  52.8577	0.6936684	0	62423.2155456756	10	89990
11109	150.9355  0.2791	151.3702  0.3586	24.8866  0.0765	4.5395  0.7139	1.0612  0.3604	0.3276  0.1137	-36.5598  5.8986	0.5975716	0	53775.4714847143	10	89990
20614	149.1801  0.9316	151.9133  0.6244	26.5230  0.1239	6.2255  1.9003	0.0597  0.7229	0.4555  0.1301	-68.7739  12.4612	0.6067832	0	54604.4167862685	10	89990
10462	151.0670  0.3127	149.0273  0.4108	24.5809  0.0494	10.0818  0.6093	0.9306  0.1423	0.6394  0.0436	-28.8310  4.9175	0.3576773	0	32187.3823305925	10	89990
17888	150.6567  0.4203	149.8494  0.7569	26.2862  0.2061	7.5694  1.0127	0.0701  0.8134	0.2031  0.1242	24.4915  6.6449	0.5140729	0	46261.4181667884	10	89990
20292	150.7434  0.5953	153.3400  0.6530	24.9129  0.0573	11.1401  1.0016	0.9487  0.2213	0.7316  0.0529	28.0704  10.6238	0.6080163	0	54715.3896926631	10	89990
18579	151.2775  2.3889	149.4066  0.4152	28.9407  9611.6182	2.8639  4322.0396	0.0331  855.6091	0.0442  362.5777	-78.6139  28203.5000	0.5151269	2	46356.2753074152	10	89990
8487	147.7160  0.4550	152.3747  0.6089	25.1981  0.0864	7.4579  0.7972	0.3521  0.1651	0.5748  0.0771	13.1108  7.9955	0.5677064	0	51087.9013368592	10	89990
16025	150.9684  0.7828	150.9763  1.3289	27.3458  0.2163	4.7355  1.8786	1.0973  0.7287	0.9549  0.3628	-56.6514  330.8273	0.6417383	0	57750.0317039018	10	89990
20000	150.2776  0.3315	150.1817  0.3789	24.6060  0.0560	7.7841  0.6559	0.7912  0.1589	0.6585  0.0517	39.4753  7.0960	0.4992318	0	44925.8681823658	10	89990
20093	149.8277  0.6639	149.7179  0.6153	25.8092  0.1167	7.9880  1.1663	0.4107  0.2375	0.3294  0.0900	45.6842  5.5627	0.5304934	0	47739.0979921742	10	89990
20089	149.4216  2.0873	150.5465  1.3038	26.0779  0.6589	0.9683  1.0927	7.4127  9.5120	0.0439  0.1816	64.2565  4.7649	0.523894	2	47145.2211436628	10	89990
14911	150.0923  0.9458	150.4858  0.6440	26.0003  0.1166	9.9104  1.6318	1.1275  0.5100	0.5039  0.0941	59.4989  8.4828	0.5811338	0	52296.2353426463	10	89990
20212	154.3815  1.4358	150.9574  0.6979	26.6772  0.1625	9.8205  1.9862	0.8041  0.5571	0.2930  0.1030	-81.1627  6.7958	0.5832934	0	52490.5747459828	10	89990
15727	149.1381  1.5277	150.6917  1.2988	29.0223  3.7981	2.1392  10486.6768	0.0295  644.5829	0.3260  6.6077	72.7549  680.1646	0.1481071	2	13328.1610027289	10	89990
19273	150.1224  150.4032	149.7228  64.7933	27.2926  3887.5005	0.0656  296.5395	3.0149  8606.8057	0.0611  1671.3331	-55.8125  22248.3008	0.5998247	2	53978.2238071894	10	89990
10730	149.5135  0.3415	149.5665  0.4235	24.8233  0.0716	5.1272  0.6197	0.9474  0.2644	0.6334  0.0928	-15.3060  10.5192	0.5953215	0	53572.9807594013	10	89990
13437	150.9174  1.1251	148.9000  2.1412	27.9952  42.2416	2.1966  43.6031	0.5803  11.0636	0.0403  14.1585	32.9205  123.6145	0.5274864	2	47468.4995721079	10	89990
13331	150.8358  0.5783	150.3051  0.4370	26.7068  0.1721	3.1139  2.1466	0.1556  2.0329	0.4194  0.3179	59.9842  22.5798	0.5978497	0	53800.499458553	10	89990
19890	150.4335  1098118.7500	150.7532  2952385.2500	23.2201  1656.0785	0.1965  14220.5742	0.4488  59399.8086	0.0470  1210497.5000	-70.6365  1118016.2500	0.8666949	2	77993.8702064904	10	89990
19889	149.3686  0.5333	146.9264  0.7136	25.5042  0.0986	9.1388  1.0318	0.7243  0.2556	0.4363  0.0747	34.7739  5.7129	0.5887588	0	52982.4000941059	10	89990
18467	152.3317  4.1873	149.8835  1.9449	27.0190  0.8486	1.0338  3.4032	19.1005  73.6817	0.0195  0.0332	66.2571  1.9656	0.5750521	2	51748.9388526105	10	89990
12914	150.4269  0.3356	150.0281  0.3257	23.8439  0.0457	7.5393  0.4869	0.7099  0.1085	0.9993  0.0536	64.6746  3054.0530	0.5804273	0	52232.6512500724	10	89990
10653	149.0560  0.5563	150.3126  0.3533	25.3297  0.0817	7.0184  1.0167	1.6318  0.4051	0.6078  0.0863	-64.8463  9.7213	0.5813364	0	52314.468485694	10	89990
18908	148.3746  0.5822	149.2571  0.4916	24.7490  0.0683	8.1931  0.8257	1.0620  0.2347	0.7737  0.0700	89.0401  13.6651	0.5964646	0	53675.8476592505	10	89990
10625	149.9986  0.2395	150.1635  0.2969	22.9851  0.0296	9.7424  0.3789	0.8962  0.0777	0.7050  0.0295	-6.4049  3.9737	0.5853983	0	52679.995481297	10	89990
10839	152.8331  1.2002	150.5736  1.0190	26.1176  0.1319	17.1224  2.0584	0.0908  0.1419	0.1386  0.0453	-48.5637  2.5311	0.4685867	0	42168.1118261243	10	89990
12903	150.3209  0.6747	149.4991  0.4799	24.7238  0.0712	9.5749  0.7902	0.6841  0.1762	0.6114  0.0530	-87.4615  6.5169	0.6768213	0	60907.1493317266	10	89990
17271	150.2627  0.4186	149.6838  1.0429	23.6376  1.5936	0.5453  4.1906	1.4326  12.1055	0.0772  7.3179	75.6252  53.4124	0.4512243	2	40605.6763115839	10	89990
13746	149.4116  0.2980	150.1855  0.1007	21.5140  0.0144	23.3460  0.3539	0.9841  0.0268	0.2545  0.0055	79.7988  0.3347	0.4889754	0	44002.8983281286	10	89990
14683	141.0503  11.6068	152.8689  2.4632	27.4910  0.2450	50.2398  10.6150	0.4067  0.4307	0.0490  0.0198	77.9452  1.0028	0.5934423	2	53403.8738922028	10	89990
11763	158.2504  0.3963	143.6263  0.6626	23.9378  0.0467	19.5478  0.7923	0.3725  0.0569	0.4957  0.0238	23.8006  2.1961	0.5894065	0	53040.6890848955	10	89990
11794	37.2803  22.7600	-11.4999  31.9805	22.6548  0.2415	183.1237  17.5658	0.6805  0.0767	0.0524  0.0057	-35.6074  0.2060	0.600476	2	54036.8359777384	10	89990
7521	146.8209  0.5839	149.7666  0.2158	24.5195  0.0609	9.6646  0.8812	1.3627  0.2019	0.1114  0.0417	79.0579  1.3659	0.5582203	0	50234.2403087869	10	89990
10572	394.2433  124.6043	131.2751  12.6196	21.3092  11.5174	4940.3467  157142.4844	19.3652  242.6595	0.0410  0.0132	84.2845  0.5110	0.617907	2	55605.449623884	10	89990
6948	149.6031  0.1629	149.9929  0.1699	20.1524  0.1544	0.6017  0.3923	1.5473  1.4615	0.0586  0.6355	-80.8759  26.1738	0.6628667	2	59651.3735589843	10	89990
18818	146.3474  0.9751	155.4538  1.1518	26.5817  0.1613	6.3329  1.4064	0.1863  0.2795	0.9888  0.2005	3.1239  742.8826	0.5854445	0	52684.1505665775	10	89990
19663	153.5366  0.4823	148.6768  0.7690	24.8575  0.0688	13.5543  0.9524	0.6917  0.1416	0.4752  0.0443	-19.7475  3.7652	0.5332153	0	47984.0443732124	10	89990
10086	152.5785  1.0727	147.0182  0.6070	26.0212  0.1323	7.6549  1.7046	1.2824  0.6481	0.4555  0.1059	-87.1596  8.7733	0.5773148	0	51952.5596067616	10	89990
18821	151.6459  0.7139	148.1750  0.7804	23.8348  1.7379	530.0204  2370.0601	14.2833  15.4592	0.3134  0.0395	48.4071  3.2076	0.5165814	2	46487.1592623126	10	89990
20190	151.5579  0.0000	150.5469  0.0000	21.1698  0.0000	9.749e-03  1.395e-07	2.9248  0.0000	0.4649  0.0000	85.7845  0.0000	0.5622299	2	50595.0722169383	10	89990
11897	150.1069  0.3685	150.8949  0.4716	22.1343  0.0178	44.5157  0.9529	1.6537  0.0859	0.1306  0.0032	37.5327  0.1969	0.4483998	0	40351.4976295343	10	89990
17260	149.9824  3.7266	150.3936  2.2501	26.5509  6763.2715	1.1409  7239.9214	0.1770  6556.8125	0.0517  1359.7335	70.7856  23821.3594	0.6110233	2	54985.9882813543	10	89990
16992	150.8085  0.6454	150.1973  0.5403	26.8419  0.1736	3.6488  1.6489	0.1149  1.0906	0.5835  0.2767	83.0967  29.2573	0.550985	0	49583.1435889241	10	89990
14112	149.3006  3.3836	150.1887  210.7788	28.0221  2498.9485	1.0098  21479.8066	0.0600  2329.3403	0.1496  370801.7188	78.7011  4789050.5000	0.4317324	0	38851.5944710595	10	89990
20344	149.5341  0.7023	143.7771  0.8488	26.1668  0.1193	5.8408  1.1407	0.3126  0.3439	0.7280  0.1371	16.1939  25.8330	0.6295792	0	56655.8385855302	10	89990
10160	129.8467  0.2978	190.5533  0.2302	23.1052  0.0357	10.8607  0.5170	1.3116  0.1361	0.3371  0.0248	51.2896  1.5574	0.6928641	0	62350.8444349176	10	89990
20724	150.3906  0.0000	150.4388  0.0000	26.6101  0.0000	0.2383  0.0000	0.7186  0.0000	0.0998  0.0000	-75.0265  0.0000	0.6056128	2	54499.0982515948	10	89990
15710	149.7709  0.5662	152.3694  0.7370	26.2841  0.1320	4.5539  1.1557	0.1202  0.4503	0.7991  0.1529	-28.7550  37.3656	0.4751525	0	42758.9735415803	10	89990
6946	150.2449  0.5447	149.8670  0.2650	24.6360  0.0677	7.7946  0.7898	0.9988  0.2257	0.2540  0.0544	74.7483  2.8668	0.6165953	0	55487.4109768771	10	89990
10996	149.2380  1.8392	150.6359  1.8536	26.8330  6.5261	1.8301  5.7842	1.2081  12.3440	0.0431  1.4794	-18.5260  80.2281	0.5581471	2	50227.6541816738	10	89990
12682	152.3852  0.3267	155.2054  0.3939	23.3883  0.0330	24.8005  0.6997	0.2420  0.0254	0.3392  0.0117	-39.0208  0.8302	0.4813718	0	43318.6464851201	10	89990
15567	150.5220  8931.9824	150.2998  261.7561	21.2050  1186.5580	7.041e-03  3.590e+01	1.9544  2037.3021	0.2885  166.5551	36.1007  13817.2891	0.4536051	2	40819.9213375952	10	89990
14137	148.8045  0.8039	149.1022  0.3969	26.3026  0.1226	6.8743  1.2035	0.9100  0.4420	0.2256  0.0980	71.1124  4.8766	0.4633293	0	41695.0052424081	10	89990
13915	150.2371  46849.0234	150.1968  46045.9844	25.6595  1226.0978	0.0126  558.6888	0.5706  22626.9805	0.5983  36583.9570	23.0451  5177951.0000	0.5979859	2	53812.7521046216	10	89990
10439	149.9530  0.0000	150.5644  0.0000	26.5526  0.0000	0.5816  0.0000	0.4093  0.0000	0.0353  0.0000	28.7698  0.0000	0.6259973	2	56333.4996083978	10	89990
6624	150.8042  0.9576	150.4119  1.1530	26.3724  0.2233	6.8241  1.5092	2.7036  1.8744	0.0359  0.0367	48.6884  3.0461	0.6995521	2	62952.6904995214	10	89990
20860	150.0576  0.7018	150.1819  0.7801	26.2623  0.1501	0.9441  1.1732	4.7868  7.5360	0.1013  0.6195	39.9649  19.6170	0.6238737	0	56142.3889391915	10	89990
15669	145.0457  0.0000	144.7178  0.0000	23.4196  0.0000	4.753e-03  6.986e-08	2.3709  0.0000	0.0723  0.0000	25.7503  0.0000	0.5054344	2	45484.0408239784	10	89990
10274	153.2704  0.5877	148.4789  0.8457	26.7710  0.1343	6.7855  2.2343	2.9289  2.0365	0.3001  0.1372	-31.3732  8.7205	0.5093855	0	45839.6057329324	10	89990
18585	148.0448  2.2866	149.4919  4.8669	23.5304  0.3707	367.1227  201.0867	2.9130  0.9204	0.0331  0.0042	25.1953  0.2283	0.563279	2	50689.4799561989	10	89990
7664	155.4773  2.9072	147.8033  6.0266	23.1862  0.0646	160.3746  15.1094	0.5711  0.0669	0.0511  0.0048	25.8139  0.1519	0.5770072	2	51924.8778357067	10	89990
18261	148.7622  0.3603	149.9052  0.2882	24.1345  0.0520	6.0088  0.4949	0.9663  0.1874	0.6835  0.0616	-79.2128  8.3454	0.5929797	0	53362.2391801864	10	89990
14169	149.4322  0.3008	144.3990  0.5359	24.5210  0.0512	13.3687  0.7085	0.1915  0.0530	0.3587  0.0284	-16.6054  2.1076	0.4905441	0	44144.0609544068	10	89990
18581	129.7144  0.3646	106.8149  0.5083	23.0015  0.0222	30.3885  0.4415	0.5306  0.0338	0.5854  0.0134	-16.4048  1.4676	0.2806629	0	25256.851363402	10	89990
17102	151.0806  18.8394	144.9790  18.6859	29.5326  1.0191	25.6216  22.1069	0.0638  1.7775	0.0500  0.0975	46.7528  10.2217	0.5965306	2	53681.7838637148	10	89990
19056	176.9165  0.3234	113.3057  0.3673	23.3423  0.0364	14.6191  0.5538	0.5117  0.0565	0.7531  0.0270	38.5819  4.8739	0.5811434	0	52297.0993369774	10	89990
16923	150.6856  104.0079	149.4967  15.5909	27.6012  17993.1895	1.1731  11993.8750	0.4242  70341.3359	0.0316  58529.2344	87.9678  231884.7031	0.5937543	2	53431.9511968682	10	89990
10268	150.0333  2.1219	149.2726  1.7496	26.3011  0.6431	0.6338  1.2904	6.3657  10.7834	0.0501  0.5879	70.4300  14.7844	0.5380017	2	48414.7724711956	10	89990
12048	149.5998  0.8586	150.6848  0.7075	26.3905  0.1450	5.5756  1.1831	0.3238  0.3489	0.6821  0.1627	-71.0686  21.4904	0.5836316	0	52521.0040613671	10	89990
11237	150.9884  348.2143	150.3407  2363.8679	26.6760  2205.4211	1.000e-02  7.083e+01	3.6019  12439.8965	0.1952  1670.6044	81.6405  543.1801	0.617734	2	55589.8785870467	10	89990
14247	150.0049  0.3000	148.7864  0.2776	23.0391  0.3935	61.1134  84.9960	19.4948  10.1618	0.5435  0.0329	-82.6197  3.0186	0.4508564	2	40572.5696719973	10	89990
20904	160.8352  0.8681	138.1118  0.6243	25.4071  0.0987	12.8942  17.7655	0.0488  0.1990	0.6160  0.0747	73.1676  7.3443	0.6204135	2	55831.0115782292	10	89990
10530	149.6785  0.1978	149.9388  0.1983	23.6304  0.0418	5.5808  0.3872	1.0265  0.1352	0.9286  0.0587	-27.4472  32.8458	0.5697024	0	51267.5242556283	10	89990
12362	-99 -99	-99 -99	-99 -99	-99 -99	-99 -99	-99 -99	-99 -99	-99	-9	-99	-99	-99
11040	152.2793  0.9316	148.5618  0.6703	26.2510  0.1603	7.8336  1.7488	0.0991  0.3460	0.3269  0.1192	55.4580  7.6642	0.6728034	0	60545.5805767846	10	89990
10949	149.3671  0.6830	150.7240  0.6636	26.1442  0.1254	5.1276  0.9290	0.2713  0.2344	0.9468  0.1361	-17.8748  120.8803	0.5640239	0	50756.5119553048	10	89990
11668	150.7525  0.4418	152.8365  0.5555	25.7285  0.1026	5.7806  0.9524	0.5545  0.3505	0.4958  0.1129	-36.9939  9.9274	0.6046496	0	54412.4158850639	10	89990
12073	148.6577  0.4975	150.7670  0.7975	25.3316  0.0933	9.3905  1.1842	1.0943  0.3474	0.5099  0.0788	23.2118  6.9840	0.6279363	0	56507.9880603952	10	89990
9608	143.4216  668.4799	153.3819  501.4575	33.4438  14697.5732	1.000e-02  4.454e+02	19.6531  192047.2188	0.0822  1323.5007	50.8454  49394.5469	0.6261876	2	56350.6264966599	10	89990
13690	169.3461  25.2007	172.4083  35.9506	21.2722  0.6186	1163.8715  687.6385	1.0535  0.1010	0.0141  0.0082	-35.0412  0.1515	0.5240435	2	47158.677130814	10	89990
12286	150.7410  1.2008	149.6136  0.9218	27.0232  0.2142	2.5394  2.2662	1.6724  3.3955	0.0521  0.1410	85.5074  10.4255	0.5771782	2	51940.2719696684	10	89990
13410	145.7099  0.8345	146.0958  0.6316	26.3380  0.1249	9.5354  1.3185	0.7943  0.4027	0.3578  0.0826	-73.6524  5.4048	0.5327674	0	47943.7370476407	10	89990
19331	149.6160  350898.0312	149.6292  70290.1328	25.4504  946.5488	0.2011  14123.0850	0.0868  45909.8125	0.0502  18581.1172	67.9950  1396603.8750	0.5934722	2	53406.5661071474	10	89990
18060	150.5860  0.7235	150.9285  21.7215	27.1150  3.6676	2.2622  44.5868	0.5537  78.3254	0.0500  29.7693	88.2655  1948.0946	0.6368924	2	57313.9530275299	10	89990
15694	146.4971  0.3586	150.4595  0.4184	21.9319  1.0708	897.2435  2825.6729	19.4199  12.4872	0.5485  0.0243	-16.0076  2.4270	0.3946799	2	35517.2477557564	10	89990
7504	152.1563  0.8206	149.5864  0.5794	26.2628  0.1381	4.7815  1.2321	1.4078  0.8053	0.3521  0.1952	-84.0175  10.5440	0.6159415	0	55428.571588351	10	89990
20829	151.2488  20.7170	148.1589  10.9807	26.7983  225.5745	3.7550  833.1431	0.0656  75.4978	0.0754  37.3804	89.5195  7306.4458	0.5887122	2	52978.208246607	10	89990
16030	151.7038  0.0000	149.6798  0.0000	27.1537  0.0000	0.0112  0.0000	0.2234  0.0000	0.3888  0.0000	-71.8685  0.0000	0.6894471	2	62043.347624868	10	89990
18880	150.7393  0.4013	150.0702  0.2771	25.0487  0.0829	3.7470  0.6030	0.5472  0.3475	0.6443  0.1317	80.2373  15.9674	0.5990841	0	53911.5748335792	10	89990
20657	-99 -99	-99 -99	-99 -99	-99 -99	-99 -99	-99 -99	-99 -99	-99	-9	-99	-99	-99
20456	149.3250  2.2736	148.8107  1.2056	27.2844  0.8004	9.1386  14.3343	0.0564  1.0739	0.0911  0.2121	-63.6159  9.1257	0.6052145	2	54463.2528252239	10	89990
9227	164.6250  288.7284	199.8548  359.4396	20.4497  4.5669	1056.2703  4449.9102	0.1484  0.0161	0.0462  0.1948	-38.7933  0.4268	0.6099258	2	54887.2249813509	10	89990
12469	151.3252  0.0000	149.1169  0.0000	22.1774  0.0000	9.975e-03  1.541e-07	1.3631  0.0000	0.6146  0.0000	-85.9864  0.0000	0.6270427	2	56427.5736145542	10	89990
16780	149.9224  0.6864	150.2725  1.1373	25.5636  5.7338	4.5856  4.3911	0.1750  4.5494	0.0354  0.5005	19.1995  91.6159	0.5780122	2	52015.3207440757	10	89990
13726	150.0874  0.5071	150.2180  0.5948	26.5964  0.1579	2.7098  1.1193	1.2372  1.7152	0.6145  0.3534	-32.7374  38.0732	0.4584674	0	41257.48428905	10	89990
13100	195.8521  0.1264	101.7097  0.1094	22.7727  0.0289	846.7091  0.0001	0.0478  0.0077	0.0372  0.0025	40.9525  0.4110	0.5694304	2	51243.0444748271	10	89990
7002	149.8363  0.5580	151.7585  0.8178	26.0215  0.1246	5.5965  1.1938	0.9094  0.4843	0.4250  0.1538	11.8874  9.9106	0.6262316	0	56354.5787156467	10	89990
18064	149.8976  0.6108	149.1451  0.4311	26.5771  0.1532	4.7375  141.8872	0.0231  4.7403	0.3573  0.3886	77.1535  49.4560	0.4921347	2	44287.2017261755	10	89990
17108	150.4960  0.7869	148.7992  0.3673	24.8686  0.0787	11.5047  1.1489	0.9832  0.2478	0.2956  0.0471	-66.4032  2.6854	0.6960049	0	62633.4776886158	10	89990
5934	194.2612  683.2698	106.6502  590.2670	20.4578  10.5731	2107.1121  20554.0742	0.5331  0.0476	0.0151  0.1474	49.1756  0.3772	0.427009	2	38426.5367842341	10	89990
20487	114.6187  2.9865	162.4707  5.2057	20.3993  0.6674	1134.2646  668.2913	2.1071  0.4479	0.1426  0.0072	30.5046  0.4639	0.527145	0	47437.7826426262	10	89990
12105	165.5904  0.0609	43.7983  0.0715	19.7290  0.0047	22.6281  0.1510	1.5709  0.0197	0.8314  0.0042	-44.0219  1.0719	0.309642	0	27864.6800026976	10	89990
13874	151.8918  5030.5405	148.9919  3486.6731	27.6088  1729.5563	0.0105  39.2961	2.8227  34296.4922	0.9635  15226.6396	-2.2207  681336704.0000	0.5655238	2	50891.488182956	10	89990
20968	149.5631  0.4395	148.9504  0.5416	26.3074  0.1454	1.3911  1.0455	1.5749  3.3255	0.9490  0.7565	-72.9820  496.0531	0.6118448	0	55059.9120487955	10	89990
18254	150.0034  0.3042	151.1318  0.3498	24.3302  0.0486	6.3159  0.4437	0.5966  0.1372	0.7647  0.0567	-7.0586  10.6442	0.3562032	0	32054.7295737422	10	89990
12194	149.4768  0.1753	152.2061  0.4591	22.4854  0.0200	27.7428  0.5775	0.9620  0.0401	0.1452  0.0049	21.5013  0.2424	0.386291	0	34762.3284835862	10	89990
14530	246.8364  9037.6787	150.3758  1159870.2500	27.4164  5381.0669	0.1052  1900.4176	0.1234  29184.5039	0.0949  3637.7795	89.5083  970110.7500	1.416925	2	127509.060047064	10	89990
12646	148.4358  0.4393	149.3358  0.5621	25.4948  0.0948	7.5525  0.8423	0.2320  0.1733	0.5626  0.0779	24.4851  8.2768	0.5342727	0	48079.1964946012	10	89990
20174	150.1966  0.4058	150.9965  0.3060	25.3876  0.0903	4.3703  0.7072	0.2601  0.3300	0.5321  0.1283	57.8509  11.8446	0.5728452	0	51550.3336432275	10	89990
19921	151.8236  1.3080	147.4222  0.6713	26.5613  0.3213	6.6862  2.2636	0.7801  0.7833	0.0527  0.1712	-81.4933  5.5733	0.6603463	2	59424.564488976	10	89990
13377	353.9634  64.9078	-0.8881  52.7803	20.4055  1.2540	737.1334  623.7711	1.1324  0.5082	0.2108  0.0356	49.2838  1.0950	0.5018741	2	45163.6511070503	10	89990
