# ID	x	x_err	y	y_err	mag	mag_err	re	re_err	n	n_err	q	q_err	theta	theta_err	chi	flag	chi2	nfree	ndegrees_freedom
7663	-99 -99	-99 -99	-99 -99	-99 -99	-99 -99	-99 -99	-99 -99	-99	-9	-99	-99	-99
9746	140.2911  144621376.0000	141.5947  165460880.0000	36.4231  1536658304.0000	1.0329  2259528960.0000	4.6316  16419311616.0000	0.0500  89396680.0000	59.9971  3879736064.0000	1.22156	2	27475.3298260155	8	22492
9923	144.4958  192952.7969	141.2226  4297.4521	21.4232  2945071.5000	0.0521  383362.0938	19.9980  28898722.0000	0.0321  1298.0454	-88.7543  88061.5234	96.52301	2	2170995.58760452	8	22492
11948	-99 -99	-99 -99	-99 -99	-99 -99	-99 -99	-99 -99	-99 -99	-99	-9	-99	-99	-99
7504	145.4663  1397421829420744704.0000	143.1036  1225748619345264640.0000	26.2211  2949506461962600448.0000	1.660e-04  4.004e+15	5.3267  20700881449115451392.0000	0.0540  196831857185128448.0000	48.3352  15296623468922011648.0000	1.010016	2	22717.2809137209	8	22492
18650	181.9173  471.1761	124.0697  177.0550	10.6918  10.1027	63.7091  277.3834	0.5773  0.7452	0.0482  0.2284	69.4506  3.8044	1.017448	2	22884.4328677556	8	22492
8188	126.0884  0.0024	91.1194  0.0022	6.2706  0.0437	751.8196  0.0001	0.0327  0.0037	0.0476  0.0018	-6.0012  0.7891	1.264294	2	28436.5098144847	8	22492
12682	131.3936  1125.2546	121.3603  2056.9451	6.8744  22.1519	752.4688  15331.0645	0.2655  0.0700	0.0133  0.2712	-28.6798  0.6726	1.204527	2	27092.2228559669	8	22492
17108	-5.4263  34.0123	98.2717  0.9968	5.0630  0.2302	186.6900  35.9251	0.1038  0.0042	0.2370  0.0407	-89.3816  0.5190	2.420861	2	54450.004297337	8	22492
18064	386.8366  182.4258	126.5064  31.7425	3.1353  0.6465	335.0440  123.6629	0.0711  0.0305	0.3020  0.0423	-88.8973  3.8815	1.130534	2	25427.9671832282	8	22492
17066	-99 -99	-99 -99	-99 -99	-99 -99	-99 -99	-99 -99	-99 -99	-99	-9	-99	-99	-99
11764	143.3480  5.9493	141.6166  2.3564	16.1680  98.5879	8.5935  1535.3551	19.9856  3457.9424	0.0481  0.7863	-73.2173  54.7932	1.413027	2	31781.8043598842	8	22492
16167	143.9460  124.2923	142.0013  112.0255	17.5060  53836.1484	0.0106  1423.5300	19.9895  529371.0625	0.0528  253.7555	-86.4785  11623.2764	35.7886	2	804957.08583566	8	22492
16624	78.9275  3.0944	111.4724  3.2266	6.4018  0.0678	84.2455  4.2424	0.1911  0.0112	0.6299  0.0375	86.8035  1.9881	1.10415	0	24834.5310969715	8	22492
10439	144.0555  2.4758	141.8473  1.4673	10.9547  6.2451	161.1425  1207.0477	3.8275  7.8391	0.2181  0.1828	59.5851  16.9630	1.724929	0	38797.1015567977	8	22492
19677	-99 -99	-99 -99	-99 -99	-99 -99	-99 -99	-99 -99	-99 -99	-99	-9	-99	-99	-99
12158	-99 -99	-99 -99	-99 -99	-99 -99	-99 -99	-99 -99	-99 -99	-99	-9	-99	-99	-99
20100	89.8240  3.4985	149.8102  11.6987	8.0806  0.2486	52.8040  6.3709	0.1128  0.0160	0.7146  0.0452	48.2205  12.9856	1.459835	1	32834.6167634802	8	22492
13893	67.8226  35.6054	142.6807  60.2394	4.7193  0.2677	206.9769  22.2878	0.0566  0.0080	0.2473  0.0304	-34.2766  3.5079	0.594673	1	13375.3853302557	8	22492
18927	127.1937  0.6254	98.4358  4.5782	7.9091  0.0557	78.1318  4.2483	0.0564  0.0085	0.2596  0.0145	2.7078  0.3197	1.11761	0	25137.2932524069	8	22492
10268	143.4679  2873.6318	143.5441  11071.7383	23.9717  15319161.0000	2.646e-03  8.747e+03	0.9054  3062021.7500	0.4269  729145.3125	30.7004  70352768.0000	1.240532	2	27902.0517728455	8	22492
17888	144.2462  50.1323	142.6183  59.6259	18.2073  524.7978	12.4371  14869.5137	19.9517  17897.2520	0.0376  3.1236	-29.1171  239.8923	1.782423	2	40090.2514250094	8	22492
6479	144.2591  49063.8047	140.7446  19204.9824	23.6885  108570.8203	1.0539  182297.8594	1.5796  514530.5938	0.0473  13051.4805	81.3721  374291.3438	83.38652	2	1875529.59164429	8	22492
15249	160.0678  16.2491	45.0122  17.3016	3.5455  0.1448	234.3697  26.7720	0.2357  0.0101	0.3372  0.0341	40.2093  1.2235	0.6735535	1	15149.5660060544	8	22492
14075	140.7098  565225083497349120.0000	136.7693  1314678769067229184.0000	46.2351  9940948767211520.0000	262.2547  2277078135763632128.0000	0.2544  183264174145536.0000	0.0991  833846761226240.0000	-23.0936  6475739088027648.0000	1.241318	2	27919.7192160189	8	22492
12690	-99 -99	-99 -99	-99 -99	-99 -99	-99 -99	-99 -99	-99 -99	-99	-9	-99	-99	-99
13955	150.1894  0.0000	148.9211  0.0000	37.8602  0.0000	1.000e-02  7.126e-08	4.4194  0.0000	0.4861  0.0000	-7.8032  0.0000	1.041057	2	23415.4543641692	8	22492
13344	-99 -99	-99 -99	-99 -99	-99 -99	-99 -99	-99 -99	-99 -99	-99	-9	-99	-99	-99
14015	143.9324  7138.2837	140.4161  5763.5879	23.2786  8460.4414	2.4546  31978.3379	1.5991  42628.4688	0.0695  1132.7852	48.3329  108887.2891	34.58526	2	777891.619421303	8	22492
8023	143.7409  128373.2656	140.3962  96710.6172	23.4284  130201.6328	1.0382  67120.4922	1.8484  368434.7500	0.0341  6662.2788	38.2564  677057.0625	76.3979	2	1718341.6578837	8	22492
12243	143.6433  356481856.0000	140.3139  48599064.0000	23.3936  67868224.0000	0.9340  49035496.0000	2.4519  46233384.0000	5.987e-04  1.409e+07	40.0296  4351336448.0000	24.38263	2	548414.183422551	8	22492
18623	144.5792  1.4575	139.0930  1.8402	14.0162  19.2404	21.6652  937.5684	13.0837  359.6827	0.0278  0.0623	37.8519  5.0544	1.307055	2	29398.2737091245	8	22492
12811	399.7794  55.9460	-22.5986  24.7023	3.7321  0.2305	298.5544  41.7476	0.1199  0.0142	0.2077  0.0162	63.9655  0.4591	0.3253247	1	7317.20183939046	8	22492
19464	143.2201  2966.2290	139.5886  9512.5723	23.1532  10146.9863	0.8383  8439.7588	3.9781  213250.4688	0.0581  2234.8972	22.1550  278068.3750	22.96152	2	516450.533811212	8	22492
21022	142.4046  3.7641	145.8741  1.1320	16.2523  3.1216	0.7836  5.2897	1.6728  29.8167	0.0758  1.7932	56.8559  124.7502	1.024951	2	23053.2039060732	8	22492
19483	-99 -99	-99 -99	-99 -99	-99 -99	-99 -99	-99 -99	-99 -99	-99	-9	-99	-99	-99
18581	191.0640  63.0835	380.2543  130.3651	1.3643  0.2643	443.1573  88.4181	0.1366  0.0503	0.3412  0.0558	-37.6530  4.0360	0.7584805	1	17059.7443292358	8	22492
20190	142.9948  32.8880	132.4359  31.5470	9.3764  1.3453	37.7203  45.7718	0.0452  0.0345	0.6915  0.3722	-34.8360  26.0912	1.343889	1	30226.7628003265	8	22492
11540	144.7283  29092.3145	140.9775  24813.9805	21.3339  45846.0469	29.6248  2418961.2500	7.0348  474329.2500	0.0221  207.1973	-51.2980  17446.6934	48.97417	2	1101527.16350983	8	22492
19192	-99 -99	-99 -99	-99 -99	-99 -99	-99 -99	-99 -99	-99 -99	-99	-9	-99	-99	-99
14169	162.0475  22137792364544.0000	138.0204  6748187394048.0000	37.5189  11524603117568.0000	19.3619  319069966303232.0000	14.9086  264262224183296.0000	0.8091  304753672192.0000	-13.3592  52756224147456.0000	1.165434	2	26212.9523927069	8	22492
11292	144.4219  3.6813	142.5835  6.3043	12.3942  0.4515	11.1642  5.5017	0.1607  0.1627	0.3460  0.1867	28.3803  15.7391	2.377372	0	53471.8528057812	8	22492
17789	145.6809  15632.1074	142.6075  15545.1670	24.0382  9530.4023	2.2909  20983.8066	0.3041  18960.8145	0.1208  4268.2539	45.0534  165385.0469	34.49551	0	775873.132836007	8	22492
20614	142.9955  1.2993	140.3562  1.7301	14.3295  0.3553	8.0227  1.8171	0.1684  0.2668	0.0358  0.0081	36.9140  0.7922	1.261881	2	28382.220512604	8	22492
14911	144.2013  36733256.0000	140.9893  17786726.0000	18.7216  3140961024.0000	0.5198  224205952.0000	1.4894  295865952.0000	6.782e-03  2.301e+05	64.0549  69634568.0000	88.89088	2	1999333.63889885	8	22492
20324	-99 -99	-99 -99	-99 -99	-99 -99	-99 -99	-99 -99	-99 -99	-99	-9	-99	-99	-99
9227	-99 -99	-99 -99	-99 -99	-99 -99	-99 -99	-99 -99	-99 -99	-99	-9	-99	-99	-99
10730	-99 -99	-99 -99	-99 -99	-99 -99	-99 -99	-99 -99	-99 -99	-99	-9	-99	-99	-99
12903	145.5986  6962.5479	143.3348  45239.5195	23.6231  15076.4072	4.9876  112239.7812	1.0184  28963.6621	0.0556  1163.8732	-5.2468  278829.0000	94.5117	2	2125757.05484408	8	22492
9536	-99 -99	-99 -99	-99 -99	-99 -99	-99 -99	-99 -99	-99 -99	-99	-9	-99	-99	-99
18908	-99 -99	-99 -99	-99 -99	-99 -99	-99 -99	-99 -99	-99 -99	-99	-9	-99	-99	-99
5953	-374.8688  276.6031	593.8328  276.7704	2.8542  0.8091	549.1740  269.2407	0.1076  0.0418	0.1542  0.0415	45.7207  1.1814	0.6484571	1	14585.0960355154	8	22492
10274	-99 -99	-99 -99	-99 -99	-99 -99	-99 -99	-99 -99	-99 -99	-99	-9	-99	-99	-99
17615	144.1348  218519620963794944.0000	166.6148  96973927682670592.0000	20.0439  56180989730226176.0000	0.6157  22006733819871232.0000	1.8169  17846620980772864.0000	0.0500  141043773210624.0000	-66.3417  5986706595512320.0000	33.43198	2	751952.038499653	8	22492
11999	143.3159  56.2637	140.5007  39.7375	13.9320  9.2726	22.1233  330.3021	0.0511  1.1129	8.051e-03  9.362e-02	54.6638  4.6982	1.196055	2	26901.6737023981	8	22492
9741	143.4955  1792.4888	139.7968  4561.3096	23.2053  23496.9395	1.3926  32615.7910	1.6893  129500.3750	0.0625  1386.3297	31.1978  84697.0703	57.1074	2	1284459.62158149	8	22492
5929	162.7896  6.1254	88.0621  1.4441	5.9071  0.0585	110.3740  5.3967	0.0516  0.0026	0.4289  0.0135	-74.8789  0.3729	1.058051	1	23797.689815787	8	22492
9917	119.5233  429081504.0000	144.9292  13947998.0000	28.7353  5133622.0000	83.0913  367406592.0000	0.2312  722827.5625	8.722e-03  3.718e+04	-88.1499  1014245.6875	1.165236	2	26208.489029525	8	22492
7862	129.3428  9.2007	190.0819  42.4538	7.2175  0.3980	72.0111  35.0157	0.0448  0.0170	0.3938  0.1108	-11.8351  2.2914	1.067707	2	24014.8727086444	8	22492
16835	144.8037  11153.1504	141.9294  7945.2656	23.9055  11511.8672	1.8906  36319.2266	1.5815  78062.2734	0.0860  4495.4678	-57.6685  177670.1875	31.07505	2	698940.099850474	8	22492
12286	145.7251  18.2509	143.0250  6.9934	18.0108  15646.2959	0.0524  2426.8164	19.9931  309273.4062	0.2469  239.0977	-74.7034  12475.0234	43.09181	2	969220.913234711	8	22492
16780	144.5709  506.3415	142.4613  544.4948	21.2946  104338.0703	0.0150  689.7967	7.7900  37240.0898	0.0767  9256.8184	40.6518  328369.1875	1.441549	2	32423.3140231917	8	22492
20200	146.4140  43.2318	141.9091  15.4243	13.0054  2.6390	15.0729  32.9338	0.0599  0.2993	0.2639  0.5079	68.7301  18.3964	1.009611	0	22708.1735338273	8	22492
18813	90.0773  0.3659	317.1862  0.4628	4.4310  0.0214	323.4156  0.0001	0.0586  0.0039	0.1963  0.0031	-12.4637  0.3142	1.816608	1	40859.1548228606	8	22492
11937	142.8649  2.7082	138.8839  1.0977	14.8319  0.6661	5.8901  2.4537	0.0954  0.6364	0.1120  0.0770	-67.3815  6.6053	1.045964	0	23525.8264387639	8	22492
18880	-99 -99	-99 -99	-99 -99	-99 -99	-99 -99	-99 -99	-99 -99	-99	-9	-99	-99	-99
20395	79.0316  19.5996	105.0125  46.2260	6.3213  187.1433	121.9508  10510.0488	0.0498  0.0075	0.4753  0.0214	21.0608  11.7217	0.997466	1	22435.0064805728	8	22492
20269	170.5636  122.5274	139.5787  54.1430	8.3625  1.9398	71.7018  120.5694	0.0449  0.0569	0.6179  0.3053	-83.9198  40.3609	0.9980339	2	22447.7788773446	8	22492
19443	144.5002  4154.3506	141.8090  6738.3745	23.7252  7231.2759	1.3088  16613.4609	1.2672  73473.6875	0.1075  3846.7703	76.6176  307729.2188	36.92312	0	830474.850610971	8	22492
8310	143.7816  1.2146	141.1344  0.9520	14.9106  58.8565	7.7318  1138.7947	19.4270  1682.7693	0.8255  2.9353	16.1372  689.5755	1.117286	2	25129.9979872182	8	22492
20829	145.7360  17351.3711	143.4539  15567.1953	24.4458  13497.0234	1.4749  33760.0078	1.1608  71217.2109	0.0606  4518.6934	17.6886  494189.2188	22.3619	2	502963.965484917	8	22492
11871	-99 -99	-99 -99	-99 -99	-99 -99	-99 -99	-99 -99	-99 -99	-99	-9	-99	-99	-99
20934	104.7929  0.0123	44.1230  0.0196	4.9097  0.0038	162.6237  0.0001	0.0500  0.0003	0.2520  0.0006	-33.9706  0.0651	0.1747849	0	3931.26310131887	8	22492
15094	142.1399  89.2652	140.9847  18.9292	15.5775  3.5173	20.1461  120.1351	0.0484  0.4108	0.0208  0.0832	-78.0268  2.3193	1.075099	2	24181.1251174581	8	22492
13619	144.1397  738523.8125	141.0876  68910.3281	23.7035  454740.5938	1.1337  343923.4375	1.5270  1357560.6250	0.0202  54984.2695	-82.6579  421735.5312	30.82005	2	693204.627244473	8	22492
7478	147.7299  11303.2832	146.7885  20530.3613	24.6876  13449.3916	1.8822  31119.6934	0.7637  40206.6406	0.1915  6006.7842	-6.8367  502438.0938	7.621568	0	171424.310814319	8	22492
14350	300.6287  109.4680	162.9093  50.4553	2.8876  0.4566	281.3612  91.0218	0.0651  0.0132	0.2802  0.0642	-65.0905  0.8802	1.094801	1	24624.2559772177	8	22492
15669	133.1809  214.7798	76.1566  615.3591	7.1592  0.9620	224.4319  210.5284	0.0678  0.0345	0.1302  0.1285	-17.6861  15.6167	1.076573	0	24214.2849460827	8	22492
12798	145.2612  58831.6875	142.7177  82232.5703	24.4039  113526.1172	1.0926  53544.5312	1.8750  443227.2188	0.0364  13029.7695	32.8958  714099.8750	11.45526	2	257651.66542874	8	22492
13393	287.5929  174.0616	155.4034  59.4083	5.4590  1.5043	137.8481  126.9151	0.0658  0.0552	0.3612  0.1816	-69.3406  3.0799	1.903661	1	42817.143561871	8	22492
10653	144.6148  0.7578	140.9070  0.3845	15.5675  0.5830	1.6231  13.6526	0.0461  0.9209	0.6454  0.4502	81.4958  45.2442	1.192789	2	26828.2065586127	8	22492
12368	122.2169  143.2871	89.3274  46.7118	4.4072  0.2419	252.8665  55.2802	0.0676  0.0040	0.2105  0.0451	72.0759  5.2916	1.394639	1	31368.226586388	8	22492
19627	137.6464  48.8638	136.1346  16.4853	10.5732  0.6890	70.6853  40.7495	0.0562  0.0486	0.0671  0.0320	-71.2808  0.8528	1.008845	1	22690.944256301	8	22492
8487	143.4371  1999.2008	140.1875  7628.5527	23.0592  10972.2158	2.2850  25120.0000	1.9414  74165.3672	0.0612  846.0311	11.0927  127325.2188	21.82796	2	490954.42989704	8	22492
20886	145.7108  11221.8135	143.7606  124319.3281	23.0173  107641.5547	15.3498  2074036.5000	4.2096  773211.9375	0.0275  753.0790	5.9701  68034.7188	21.64168	2	486764.668413401	8	22492
10160	138.6854  38.3830	102.1354  26.6318	4.6745  0.0854	249.4649  19.9333	0.1149  0.0026	0.1412  0.0114	54.8189  1.0041	0.2846878	0	6403.1991148458	8	22492
20465	144.2348  9753.7002	140.4523  4429.6768	23.3414  7594.5645	2.2978  19320.4668	0.9547  33427.0664	0.0626  1435.0995	66.7762  152127.8438	68.85382	2	1548660.08825779	8	22492
19644	56.6720  3.1007	109.3483  1.0717	7.2457  0.0305	71.5818  2.8008	0.1078  0.0106	0.5276  0.0263	-80.3749  0.8604	1.625216	1	36554.3507374969	8	22492
12704	-99 -99	-99 -99	-99 -99	-99 -99	-99 -99	-99 -99	-99 -99	-99	-9	-99	-99	-99
13936	146.2611  861602.8125	143.6417  1287130.0000	24.7033  1599938.3750	1.6598  101847.3438	0.6538  436960.8750	0.0500  101706.9375	43.9317  11198946.0000	31.97576	2	719198.77021026	8	22492
14056	128.4318  221.0894	115.5643  219.9762	12.8408  5898.5557	9.653e-03  6.420e+01	7.7822  10375.6533	0.0191  4.4300	-42.9597  580.8640	1.400091	2	31490.8558502662	8	22492
8753	148.3483  3.1593	141.1249  1.1170	12.7789  0.4353	7.1587  2.4202	0.0623  0.0792	0.4181  0.1296	67.5443  7.6373	1.185692	0	26668.5789577569	8	22492
12837	145.6087  40.3515	139.4256  31.0383	11.5513  268.7658	0.8867  588.7926	19.3247  2658.9519	4.684e-04  1.116e-03	-52.4362  0.0237	1.134507	2	25517.3359559174	8	22492
9401	143.4929  5235.9292	140.6234  2286.3657	23.4230  4505.9668	1.4813  10393.6523	0.8371  29877.8008	0.0878  2117.2078	60.0064  141456.6562	16.47402	2	370533.602175353	8	22492
20709	32.8067  22.1050	-98.1782  43.5680	4.5527  0.1929	254.0640  34.8282	0.0694  0.0058	0.1359  0.0136	-28.0537  0.4132	0.3472306	1	7809.91143307961	8	22492
14112	145.1376  5914.8345	142.2583  12571.3711	24.1304  18934.6641	1.2106  35676.5742	2.9030  221016.0469	0.1029  9084.5498	-32.1336  333492.7500	43.66614	0	982138.872024804	8	22492
12297	-99 -99	-99 -99	-99 -99	-99 -99	-99 -99	-99 -99	-99 -99	-99	-9	-99	-99	-99
17744	-99 -99	-99 -99	-99 -99	-99 -99	-99 -99	-99 -99	-99 -99	-99	-9	-99	-99	-99
6624	-99 -99	-99 -99	-99 -99	-99 -99	-99 -99	-99 -99	-99 -99	-99	-9	-99	-99	-99
14400	-99 -99	-99 -99	-99 -99	-99 -99	-99 -99	-99 -99	-99 -99	-99	-9	-99	-99	-99
16718	-99 -99	-99 -99	-99 -99	-99 -99	-99 -99	-99 -99	-99 -99	-99	-9	-99	-99	-99
19997	145.6498  10148.3457	142.7484  172637.3594	24.5752  138955.2031	1.6334  59458.5117	1.3532  128820.2812	0.0448  5379.9292	3.1757  282077.1562	8.194281	2	184305.763357043	8	22492
8017	144.1178  38.5465	140.8695  69.0269	15.3236  29010.1211	0.0239  1079.5793	13.7244  101736.2578	5.104e-03  1.167e+00	34.4043  200.8529	1.242517	2	27946.7013525115	8	22492
20860	143.8721  0.9029	85.5812  7.3432	11.4513  0.1839	43.0698  5.8775	0.1989  0.1161	0.0793  0.0114	-5.7035  1.1657	1.003327	2	22566.8276080761	8	22492
10538	144.5446  2795.7942	141.2843  3085.4973	23.6576  15474.9023	0.9833  16848.2969	1.7429  153047.3750	0.0768  7365.0469	-53.9300  307349.8438	51.50213	2	1158385.87398148	8	22492
20344	-99 -99	-99 -99	-99 -99	-99 -99	-99 -99	-99 -99	-99 -99	-99	-9	-99	-99	-99
11973	48.4060  384.0046	92.6889  88.3716	5.1516  0.6816	297.2320  186.4202	0.0618  0.0079	0.1678  0.1051	-77.6756  9.2045	1.704269	1	38332.4187499354	8	22492
21187	-99 -99	-99 -99	-99 -99	-99 -99	-99 -99	-99 -99	-99 -99	-99	-9	-99	-99	-99
16079	-99 -99	-99 -99	-99 -99	-99 -99	-99 -99	-99 -99	-99 -99	-99	-9	-99	-99	-99
10462	266.7558  1.5282	186.0129  0.8800	5.0035  0.0433	239.3447  0.0004	0.0321  0.0009	0.4005  0.0042	-57.3504  0.1576	0.976948	1	21973.5150696369	8	22492
15614	78.0619  1.3939	191.9830  0.8609	4.1840  115.0966	139.5291  7395.5947	0.0520  0.0011	0.4865  0.0031	4.2862  0.6357	1.048342	2	23579.3200915442	8	22492
6946	-99 -99	-99 -99	-99 -99	-99 -99	-99 -99	-99 -99	-99 -99	-99	-9	-99	-99	-99
19725	143.6768  20292.4531	139.9900  9193.6963	23.1175  8407.5830	1.4257  15287.7031	1.7342  120934.9062	0.0614  6153.2666	47.1701  122976.3047	31.45525	2	707491.41329968	8	22492
20438	143.8004  3593.6948	140.4385  3161.3308	23.3141  7990.6782	1.1063  11423.8770	1.7195  86939.6172	0.0824  5134.9438	35.4596  227770.3281	84.40266	2	1898384.76825905	8	22492
13437	-99 -99	-99 -99	-99 -99	-99 -99	-99 -99	-99 -99	-99 -99	-99	-9	-99	-99	-99
16119	170.6299  400.6675	81.5878  102.1942	5.1057  80.0022	371.6142  13691.1426	0.0415  0.0109	0.1627  0.0308	-74.7315  9.3125	1.341908	2	30182.1969200539	8	22492
17102	-99 -99	-99 -99	-99 -99	-99 -99	-99 -99	-99 -99	-99 -99	-99	-9	-99	-99	-99
11800	144.1709  23014.2520	140.4471  4336.8867	23.4932  52501.3516	1.9247  97819.1719	1.7765  132981.6094	0.0517  3056.7546	82.8000  400535.3125	43.33833	2	974765.746950626	8	22492
12646	146.6184  4693.0308	143.9538  20866.1504	24.0373  11229.3076	2.2376  27972.9551	0.7804  42041.0000	0.0618  1918.9406	14.9196  232741.1406	67.38003	2	1515511.62945557	8	22492
12448	143.6867  21.5860	140.7619  15.1935	13.8018  2.7749	19.1041  54.6726	0.5130  1.3180	9.611e-03  2.693e-02	54.8444  0.6480	2.11132	2	47487.799211864	8	22492
15585	-99 -99	-99 -99	-99 -99	-99 -99	-99 -99	-99 -99	-99 -99	-99	-9	-99	-99	-99
10212	140.4529  0.5737	140.5556  0.7003	12.8312  0.1776	4.8500  0.6377	0.1554  0.1047	0.8164  0.1309	8.2649  28.5943	1.145138	0	25756.448715166	8	22492
13806	-99 -99	-99 -99	-99 -99	-99 -99	-99 -99	-99 -99	-99 -99	-99	-9	-99	-99	-99
6948	143.9283  185344884736.0000	141.9746  1248688472064.0000	41.5811  170440949760.0000	13.4592  2665696985088.0000	0.6519  175706898432.0000	0.1235  19310188544.0000	8.2287  1438584012800.0000	1.52025	2	34193.4580028508	8	22492
8058	143.7764  3808.0581	140.8333  4890.7798	23.4632  5505.3164	0.9591  9338.9912	1.9739  77510.7422	0.0786  6052.0532	57.0950  285391.5625	79.80707	2	1795020.48882961	8	22492
16992	-99 -99	-99 -99	-99 -99	-99 -99	-99 -99	-99 -99	-99 -99	-99	-9	-99	-99	-99
10220	144.6425  16709.5488	141.2797  15888.7861	23.7428  10285.9785	1.5632  20291.6211	1.5537  84071.4297	0.0822  2568.1147	-81.9963  543593.3750	64.47299	2	1450126.45585728	8	22492
10572	143.9674  6916.8120	140.4705  3768.9009	23.3641  19529.0156	1.8464  27143.6719	1.5136  98179.8750	0.0568  1696.1924	66.8356  190505.1094	110.3567	2	2482142.7992174	8	22492
18060	143.6623  1866.8743	139.7485  4827.1895	23.1876  11962.8525	1.6163  20830.4531	1.4360  53293.4961	0.0668  4548.0342	23.0348  227270.9844	71.46049	2	1607289.36587715	8	22492
18186	-109.4316  211.8148	237.5115  120.9991	4.2951  0.9508	327.2893  189.9709	0.1177  0.0522	0.2296  0.0928	65.3330  4.9421	1.136915	1	25571.497856941	8	22492
16401	143.4877  1318.0909	141.0150  131.3377	6.6831  24064.4980	0.1748  1269.7040	3.4970  8397.0918	1.359e-03  1.830e+00	85.0234  69.4982	81.81892	2	1840271.08579302	8	22492
15547	145.3863  5120.9375	142.7210  15511.1943	21.0944  153277.8750	0.0140  3145.5505	19.9802  18648.6465	0.0415  1109.0358	11.5526  196197.6406	32.37365	2	728148.150572345	8	22492
13915	143.7646  0.8093	140.3499  0.8512	13.7361  7.3671	3.1182  19.4365	10.4446  165.8991	0.0326  0.0609	54.4222  4.0130	1.129488	2	25404.4502723638	8	22492
11040	146.2609  41560.4023	144.1507  48133.9414	25.1883  52554.0039	2.6254  153356.0156	1.6155  281694.6875	0.0555  3719.0146	41.7058  317088.9062	11.37292	2	255799.754024655	8	22492
11098	143.8196  0.0002	140.4311  0.0005	18.3747  0.0000	0.5723  0.0000	0.2950  0.0000	0.0160  0.0009	63.2392  0.0000	72.98549	2	1641589.56061649	8	22492
19405	143.5110  461.8851	146.5585  155.8605	21.0641  9427.2959	12.2664  291283.0625	19.1461  278016.7500	0.0596  86.0427	-74.3550  7902.7168	2.138278	2	48094.1475425547	8	22492
19889	-99 -99	-99 -99	-99 -99	-99 -99	-99 -99	-99 -99	-99 -99	-99	-9	-99	-99	-99
6989	144.0123  27.4933	141.0914  22.0635	14.4875  3.3207	7.9779  58.3359	0.0514  1.0558	0.0203  0.0636	51.0815  2.6042	1.201538	2	27024.9890188318	8	22492
19273	144.9250  22799.8203	142.4500  1838.1967	22.5101  16414.6484	6.6497  146839.1875	1.5946  42423.3125	0.0811  900.5525	83.8417  118187.9219	97.19079	2	2186015.1492089	8	22492
11109	144.4112  9987.4561	141.4357  1777.6958	23.5666  7983.7988	1.9049  16318.3438	0.9654  36967.7773	0.0957  2051.2415	76.7020  280676.0000	67.42905	2	1516614.31825924	8	22492
12327	144.7948  3299698.2500	141.9582  1274477.6250	22.9609  1303188.1250	0.3796  2380572.0000	0.1096  87035016.0000	0.0500  3633900.2500	-79.2782  1147647488.0000	87.04261	2	1957762.44720393	8	22492
19663	-99 -99	-99 -99	-99 -99	-99 -99	-99 -99	-99 -99	-99 -99	-99	-9	-99	-99	-99
12232	-99 -99	-99 -99	-99 -99	-99 -99	-99 -99	-99 -99	-99 -99	-99	-9	-99	-99	-99
10903	143.9734  4631.1904	140.6831  4193.4814	23.1498  4440.5200	1.9961  15558.8887	1.4488  38772.0312	0.0669  983.8122	46.1512  97907.7656	20.59225	2	463160.891973019	8	22492
21041	-99 -99	-99 -99	-99 -99	-99 -99	-99 -99	-99 -99	-99 -99	-99	-9	-99	-99	-99
15694	382.9902  0.2563	193.6859  0.1343	5.3454  0.0552	272.2711  0.0004	0.0570  0.0057	0.2485  0.0082	-81.8532  0.5614	0.9927652	2	22329.2753964336	8	22492
6109	199.1609  45.1173	66.2722  27.5150	4.4906  0.1834	232.1767  30.3791	0.1039  0.0092	0.1687  0.0154	56.5447  1.0694	0.422509	1	9503.0715257739	8	22492
19630	-36.3924  0.1614	494.8620  0.6686	3.1616  0.0129	395.0466  0.0001	0.0596  0.0014	0.1983  0.0010	17.3430  0.0562	1.375558	1	30939.0437249134	8	22492
8386	144.3925  27461.9980	141.1208  7659.2451	23.6630  271587.1562	0.5416  181473.9062	4.1805  879885.5000	0.0480  4905.4468	-80.9934  278461.0000	112.4604	2	2529459.65756875	8	22492
21114	144.4373  2.1250	140.4785  3.7656	15.6630  1.2673	4.7423  38.6857	0.0477  1.0709	0.0739  0.1645	28.5664  10.2424	1.235383	2	27786.2378605163	8	22492
13131	146.5085  56301.4648	144.2081  17116.5508	25.3549  65576.4766	2.2563  158200.6406	1.4710  389692.0000	0.0563  10754.1074	66.6929  1190605.0000	119.4413	2	2686474.33131862	8	22492
16102	146.6416  85330.1094	144.6618  47892.5234	24.8796  141008.0156	1.8901  216423.1250	2.0731  612057.4375	0.0299  10225.2666	71.3058  700387.0000	28.65486	2	644505.124685168	8	22492
19442	144.0798  30533.0137	139.9629  26301.2637	23.4774  166450.1875	1.6731  368704.5000	4.2360  1269706.3750	0.0335  2168.4478	37.0306  189378.3594	31.10475	2	699607.942309618	8	22492
6093	-30.6780  39.8603	281.7733  62.0287	4.1409  0.6527	196.4342  74.2145	0.0562  0.0145	0.4138  0.0529	39.4233  2.3181	0.534587	1	12023.9298773061	8	22492
18579	246.4742  205508396974080.0000	41.3183  164835845210112.0000	-6.6738  397535562694656.0000	1.000e-02  3.388e+14	6.3236  4286622174543872.0000	0.0500  1305510741540864.0000	-38.2664  12966557806231552.0000	3.167912	2	71252.6706341785	8	22492
19331	-99 -99	-99 -99	-99 -99	-99 -99	-99 -99	-99 -99	-99 -99	-99	-9	-99	-99	-99
8476	138.2995  4698888.0000	136.7945  1475870.3750	19.4328  154903040.0000	1.000e-02  5.866e+05	2.0475  35789448.0000	0.0500  25210484.0000	-66.2299  727865024.0000	1.076728	2	24217.7719856994	8	22492
18993	151.1235  21.4377	120.7405  35.2524	9.1850  1.7100	101.8167  154.6490	0.9902  0.3593	0.1497  0.2090	30.2747  4.6178	1.212384	2	27268.937411302	8	22492
11220	-99 -99	-99 -99	-99 -99	-99 -99	-99 -99	-99 -99	-99 -99	-99	-9	-99	-99	-99
18441	51.2182  68.6326	161.0595  57.0014	5.9839  1.3515	181.3975  75.2712	0.1458  0.1161	0.2572  0.0936	-61.3756  4.6874	1.088589	1	24484.5413966725	8	22492
20427	143.6366  0.0403	138.1370  0.0180	17.4172  0.0541	0.0100  0.0047	0.3117  0.0698	0.0500  3.1815	12.7511  14.2517	1.170497	2	26326.8217525538	8	22492
13100	120.0051  5.5717	136.0084  0.3120	11.0783  0.1250	37.8092  7.9663	0.0527  0.0397	0.1232  0.0177	86.7826  0.7990	1.80885	0	40684.6527275812	8	22492
14530	-99 -99	-99 -99	-99 -99	-99 -99	-99 -99	-99 -99	-99 -99	-99	-9	-99	-99	-99
5934	71.5812  0.7263	103.1186  1.2528	5.2759  0.0202	108.6260  2.0621	0.1265  0.0020	0.3681  0.0070	-33.0952  0.1935	0.4014647	0	9029.74435890391	8	22492
19808	-99 -99	-99 -99	-99 -99	-99 -99	-99 -99	-99 -99	-99 -99	-99	-9	-99	-99	-99
13308	141.6472  0.6789	142.2728  0.8156	14.7689  0.5063	2.3541  1.3794	0.0566  0.4199	0.8194  0.3510	19.6218  74.6618	1.095624	0	24642.7819212688	8	22492
18202	213.0973  1.1622	380.1900  0.6790	3.1385  0.0519	293.4611  0.0004	0.0578  0.0017	0.3722  0.0030	-26.2162  0.1374	0.9841948	1	22136.5085084392	8	22492
20487	155.5869  487.6955	121.3922  594.5707	11.2380  20.2665	69.0678  1199.0204	0.3196  0.4103	0.0273  0.4616	39.3413  3.3943	1.039313	2	23376.2203850357	8	22492
10996	144.3391  155494.1094	141.0845  43973.6875	23.6904  194541.8125	1.2260  192740.0000	1.5396  408044.5625	0.0296  5932.7266	77.0501  760381.2500	64.0919	2	1441554.89669228	8	22492
18294	142.7735  0.4975	128.2492  2.0233	12.1914  3744.7688	24.6510  42511.4258	0.0228  0.0112	0.2830  0.0382	-6.0428  1.7610	1.102243	2	24791.6573595757	8	22492
13675	144.2551  1.4069	138.4788  1.2469	12.1557  0.6752	8.7616  7.1745	1.2816  0.8322	0.9315  0.4532	-78.0519  262.1426	1.077545	0	24236.1462074423	8	22492
18254	103.2551  0.6620	96.1445  0.6918	4.3872  0.1503	89.6158  3.2689	0.2641  0.0079	0.8369  0.0101	-9.1162  1.7482	0.8009778	1	18015.5930529772	8	22492
15491	145.9784  15.2109	142.8531  139.4783	16.3073  238.3785	5.1843  1141.9774	0.1250  64.3351	0.0448  9.4840	4.1822  104.7823	1.731802	2	38951.6924156255	8	22492
19540	143.9335  18703.7422	140.7653  22112.3809	23.3626  157864.1406	1.1010  174875.5625	1.8683  410343.9375	0.0423  12666.6621	59.1503  136499.8125	32.2489	2	725342.215332508	8	22492
15306	144.4567  6.1272	141.2061  2.7556	14.8215  7060.3496	0.0121  185.8917	19.9998  48790.9453	9.401e-03  9.426e-01	-65.7219  74.7555	19.14182	2	430537.777662963	8	22492
11794	144.4043  4041.7710	141.2506  4026.3140	23.5560  7207.5190	1.2910  17898.3789	1.7477  103283.6562	0.0931  2099.5476	74.7082  251913.6250	45.55233	2	1024562.97199392	8	22492
20905	-99 -99	-99 -99	-99 -99	-99 -99	-99 -99	-99 -99	-99 -99	-99	-9	-99	-99	-99
9277	142.6099  0.5570	138.0812  0.3498	14.0492  0.2428	3.1139  0.5961	0.1487  0.1669	0.4710  0.1099	-57.3348  10.6253	1.696223	0	38151.4454222514	8	22492
12428	144.2872  7017.8037	140.4305  2231.1667	23.3210  10930.4902	1.6959  20748.2832	1.7004  78721.0859	0.0621  991.7432	78.9521  250120.4375	103.5087	2	2328116.77744737	8	22492
12914	143.8665  31.0224	142.7979  298.2009	9.6719  7621.3667	0.0183  32.0218	2.3298  3130.6248	0.0387  180.9790	17.6307  19414.6230	1.212411	2	27269.5532350535	8	22492
14379	69.2287  24.4780	-19.9976  48.5783	2.8053  0.3673	190.1755  42.6713	0.0904  0.0248	0.4979  0.1061	-30.0707  5.1886	1.025601	1	23067.8112382966	8	22492
20212	144.1064  0.0000	142.1518  0.0000	22.6586  0.0000	1.5550  0.0000	0.4518  0.0000	1.169e-03  1.359e-17	46.1760  0.0000	31.08976	2	699270.946019528	8	22492
17088	146.1823  0.0018	141.9171  0.0034	14.9331  0.0000	0.0132  0.0050	1.7689  0.0001	0.0373  0.0015	-61.4896  0.0000	47.33274	2	1064607.91054645	8	22492
8860	148.7580  199.2167	140.9388  107.2981	18.7646  65656.4219	1.000e-02  1.486e+03	19.1725  513596.5625	0.0500  159.8734	62.6384  10180.1172	1.087764	2	24465.9921467723	8	22492
6528	-99 -99	-99 -99	-99 -99	-99 -99	-99 -99	-99 -99	-99 -99	-99	-9	-99	-99	-99
12105	143.6390  0.0013	140.5852  0.0010	19.5364  0.0000	0.6335  0.0000	2.4472  0.0000	3.607e-04  1.969e-02	38.0271  0.0002	60.64709	2	1364074.42441383	8	22492
9156	-99 -99	-99 -99	-99 -99	-99 -99	-99 -99	-99 -99	-99 -99	-99	-9	-99	-99	-99
12737	-99 -99	-99 -99	-99 -99	-99 -99	-99 -99	-99 -99	-99 -99	-99	-9	-99	-99	-99
13063	141.2168  39.9056	142.7973  67.8587	14.9155  8520.3887	0.0102  166.7748	17.6434  45543.3555	0.0195  0.7350	-28.7576  87.4482	1.45918	2	32819.8685701286	8	22492
20292	-99 -99	-99 -99	-99 -99	-99 -99	-99 -99	-99 -99	-99 -99	-99	-9	-99	-99	-99
17959	145.8042  0.8790	101.4178  0.5423	13.3642  0.2719	4.0350  0.6420	0.0642  0.1642	0.9499  0.1725	61.3539  179.2351	1.294633	0	29118.8943318439	8	22492
10086	84.5801  258.6602	128.4352  1990.5154	18.9834  177020.6875	6.856e-03  1.750e+03	12.3046  541089.7500	0.0793  151.8437	3.7578  8066.5078	1.151893	2	25908.3727646535	8	22492
19921	-99 -99	-99 -99	-99 -99	-99 -99	-99 -99	-99 -99	-99 -99	-99	-9	-99	-99	-99
20413	144.0638  6869.8477	140.3107  7365.9106	22.9322  10434.5215	2.5700  23056.8965	0.9433  18701.7422	0.0855  7268.8511	44.5663  71307.0938	112.1523	2	2522530.06676531	8	22492
7664	145.6353  22807.2598	143.5956  41115.3008	24.9422  70932.7891	2.2473  155704.0000	1.8947  482399.9688	0.0548  3746.3430	29.0973  378294.7188	103.2781	2	2322930.33250523	8	22492
19237	144.4601  6313.9717	141.0913  6545.0830	23.6240  7505.8394	1.2357  17152.8145	1.5757  99403.3672	0.0614  2716.4448	74.2416  232376.0000	91.45119	2	2056920.11086459	8	22492
17532	143.8998  4917.2886	140.9286  9441.8135	23.4834  6690.8989	0.8390  8810.4492	2.3379  129727.2812	0.0594  3122.4683	36.9898  295425.9688	24.54942	2	552165.586152568	8	22492
13123	144.6702  12207.3877	141.7365  4730.9497	23.8130  12964.1318	1.1301  22772.5371	2.6983  167587.6250	0.0613  3279.6636	-74.9179  489134.2500	76.23394	2	1714653.86366296	8	22492
20316	143.3306  1715.7472	139.6518  9698.5645	23.0238  7707.9058	2.1058  17905.0156	1.5263  64150.7617	0.0650  1058.0452	6.6978  116081.0859	31.84438	2	716243.838168889	8	22492
15552	136.9666  2.1327	97.8360  28.9281	8.7026  0.6119	129.1164  76.7818	0.1882  0.0419	0.0759  0.0468	3.7170  0.7150	1.048996	2	23594.0108181797	8	22492
9608	148.1689  62998.3242	147.8376  114161.7422	26.5330  271239.1562	2.5183  1004741.3750	1.7935  848474.0625	0.2256  41942.2148	26.4633  2941982.0000	7.849993	0	176562.052168757	8	22492
10388	141.8219  987428.0625	144.7813  95585.6797	11.9990  48376.1367	16.6377  20257.7363	0.5872  313847.8750	1.756e-03  4.770e+03	63.2337  720327.1875	1.000257	2	22497.7827070991	8	22492
12389	-99 -99	-99 -99	-99 -99	-99 -99	-99 -99	-99 -99	-99 -99	-99	-9	-99	-99	-99
13129	144.2125  6886.8120	140.3555  5867.8354	23.3294  7496.2227	2.0691  27611.0742	1.4329  74696.5234	0.0695  2968.0085	56.6637  169430.5000	78.52564	2	1766198.74419856	8	22492
14557	144.4124  159566.5000	141.2894  13988.2803	23.8787  119529.9297	1.3061  307113.3125	1.4214  528166.0000	0.0446  2432.3694	-85.9862  143552.3438	56.86636	2	1279038.0881337	8	22492
11596	133.3310  2.3644	111.5266  1.0378	12.3657  0.1757	15.5392  2.2743	0.1210  0.0962	0.1620  0.0287	65.8705  1.8382	1.094228	0	24611.3758855173	8	22492
20306	143.0360  4.2351	140.5057  1.9541	12.2976  10.7805	122.6324  1860.0015	4.2321  22.9272	0.0339  0.0462	64.9462  4.3445	1.035689	2	23294.7119447829	8	22492
15727	-25.0908  25.4193	190.3657  33.3836	2.1172  0.1626	304.3576  21.7918	0.2226  0.0564	0.4884  0.0602	-77.1483  1.9858	0.4084729	1	9187.37314687712	8	22492
19625	-99 -99	-99 -99	-99 -99	-99 -99	-99 -99	-99 -99	-99 -99	-99	-9	-99	-99	-99
11936	144.1810  26375.7070	141.0921  18342.0840	23.6641  39146.3242	1.1209  85730.2031	1.9463  332317.7812	0.0406  4641.5464	73.7301  811810.0625	51.16784	2	1150867.12113857	8	22492
15276	145.4050  15290084352.0000	141.2863  3969762816.0000	14.5891  6126992896.0000	1.000e-02  1.686e+10	0.6853  273697505280.0000	0.0207  75875540992.0000	-60.0830  701164748800.0000	1.073284	2	24140.2955909753	8	22492
13261	124.8427  0.0000	125.0311  0.0000	14.1364  0.0000	4.730e-03  2.528e-05	3.1099  0.0000	0.0341  0.0000	-59.0145  0.0000	1.506182	2	33877.0483520704	8	22492
17291	191.3674  29.9344	121.2829  20.0673	7.4282  0.1390	111.5356  21.5534	0.0497  0.0095	0.2894  0.0432	-52.5673  1.2280	1.218065	2	27396.7247939429	8	22492
13783	-99 -99	-99 -99	-99 -99	-99 -99	-99 -99	-99 -99	-99 -99	-99	-9	-99	-99	-99
13678	122.5571  15.6096	140.5052  17.3494	3.4388  0.1591	157.9015  19.0204	0.0840  0.0042	0.4586  0.0438	-45.2781  1.1431	1.025887	0	23074.2530061639	8	22492
21069	145.9110  20759.7617	143.5476  92342.4922	24.4959  232576.2969	1.7584  589582.1875	0.7615  668427.6250	0.0367  5582.7197	29.6773  438270.8750	20.04487	2	450849.311903	8	22492
19261	145.1115  20.5222	143.3607  21.1050	15.9919  4990.6729	0.0161  205.9664	20.0000  52986.0391	0.0618  5.9121	-52.1959  665.0767	12.9321	2	290868.736975105	8	22492
9583	136.1290  2499007463781195317248.0000	140.4774  1019362261476338302976.0000	19.5613  44576201269748569210880.0000	3.374e-03  2.593e+20	2.0638  29890244359870092410880.0000	0.0173  4381614564913585324032.0000	-64.5205  72572166324152034131968.0000	1.142358	2	25693.9251893001	8	22492
12120	144.5137  487.6990	140.9285  85.5411	15.5035  18.4625	24.9300  342.6519	0.0645  0.8752	6.594e-03  7.101e-02	80.0255  1.2577	1.127541	2	25360.6618664051	8	22492
13202	-99 -99	-99 -99	-99 -99	-99 -99	-99 -99	-99 -99	-99 -99	-99	-9	-99	-99	-99
15960	-99 -99	-99 -99	-99 -99	-99 -99	-99 -99	-99 -99	-99 -99	-99	-9	-99	-99	-99
13467	143.7448  7.7515	141.4194  10.0337	13.0006  2.0259	19.9751  41.7254	0.4203  0.5725	0.0150  0.0302	37.6753  0.7045	1.592406	2	35816.4007414721	8	22492
20456	66.3163  0.6030	157.1657  1.0223	7.1344  0.0377	100.3509  0.0008	0.0482  0.0016	0.4055  0.0083	38.5577  0.4206	1.162778	2	26153.1983094429	8	22492
19391	143.4003  36.2902	139.7819  90.1316	16.5627  107.7992	0.7940  1532.9733	0.1935  9089.3037	0.0432  1131.2302	28.7615  12219.5635	1.153417	2	25942.6476735212	8	22492
20567	145.5236  0.0000	144.0377  0.0000	27.1188  0.0000	1.000e-02  9.817e-13	1.7560  0.0000	0.0500  0.0000	-24.9345  0.0000	1.217933	2	27393.7568048336	8	22492
12414	144.1762  19.8333	142.2545  10.3553	16.0826  10.5430	3.4052  26.1806	0.0229  2.8265	0.0451  0.3962	-61.7928  86.6316	1.22011	2	27442.7106434962	8	22492
12918	143.9214  5548.9233	140.4840  6004.6670	23.2628  12202.5820	2.4944  38305.2734	1.9011  85522.8438	0.0663  1846.2440	55.7958  121482.8828	95.48591	2	2147668.98171711	8	22492
19991	147.5035  45281.4141	146.6964  96546.2656	26.1201  211117.0312	1.7465  330215.4375	1.7501  1232767.0000	0.0623  24746.9102	17.2290  2047412.7500	28.24888	2	635373.743429044	8	22492
14769	139.4573  5.0292	140.9679  0.3509	15.7005  0.8911	9.5842  23.5578	0.0426  0.2124	0.0167  0.0306	89.6223  2.2793	1.22644	2	27585.0950099183	8	22492
13874	-99 -99	-99 -99	-99 -99	-99 -99	-99 -99	-99 -99	-99 -99	-99	-9	-99	-99	-99
13735	144.5066  216296364965888.0000	141.5539  120839492075520.0000	18.2774  7324269470023680.0000	2.534e-03  1.918e+12	3.1819  610933059616768.0000	0.0238  247692072583168.0000	71.9814  13282851009069056.0000	1.308446	2	29429.5576917778	8	22492
7521	143.5651  2224.4041	139.9207  3850.3376	23.1272  29397.0918	1.5208  50680.1523	1.6752  153166.5938	0.0562  1145.3953	29.5266  130397.7500	20.27892	2	456113.45422411	8	22492
12362	58.8203  4.5900	10.4041  12.5251	3.7117  0.1079	169.6269  15.5308	0.1113  0.0016	0.3391  0.0285	-19.5794  0.3668	1.093017	1	24584.1334196611	8	22492
11712	-99 -99	-99 -99	-99 -99	-99 -99	-99 -99	-99 -99	-99 -99	-99	-9	-99	-99	-99
19325	143.5322  2820.5586	139.8215  3815.2747	23.0202  14098.8896	1.9362  26324.9961	2.0386  82935.9141	0.0685  2082.0393	23.9091  128647.5469	70.4416	2	1584372.3338027	8	22492
11156	-99 -99	-99 -99	-99 -99	-99 -99	-99 -99	-99 -99	-99 -99	-99	-9	-99	-99	-99
11763	144.4966  4.0571	134.9999  11.5679	11.1777  0.4458	26.4804  10.2891	0.0535  0.0407	0.1883  0.0541	-16.9101  1.6493	1.12709	0	25350.5181686422	8	22492
16518	151.6131  57.0133	55.9901  38.8662	5.8246  109.9939	214.2942  10854.8838	0.0489  0.0067	0.2166  0.0189	52.6060  3.7450	1.249133	2	28095.5081476223	8	22492
16689	144.5591  204.8986	140.7430  469.1764	18.6693  37293.6133	0.1306  14278.3154	19.9169  665800.1875	0.0327  78.6539	-19.6602  7231.6831	41.64817	2	936750.679490089	8	22492
21097	92.0385  0.0487	47.1740  0.0689	4.9056  0.0102	193.4927  0.0001	0.0267  0.0005	0.3098  0.0013	-33.8104  0.1633	0.6136543	1	13802.3134656306	8	22492
15435	144.6956  35998436.0000	142.8051  11868865.0000	23.4371  138409056.0000	7.699e-03  6.792e+06	3.5054  547754688.0000	0.0500  29723360.0000	83.4128  2106469248.0000	1.066893	2	23996.555283882	8	22492
13746	144.6539  26861.9062	140.7799  14877.2725	23.8235  35764.0547	1.3414  38513.6445	1.5197  145492.7656	0.0394  2530.4009	70.8258  227018.6406	35.63627	2	801531.075295866	8	22492
19198	147.9754  53045.3672	146.8047  131881.2344	26.4096  142661.5000	2.7081  545455.8125	1.2307  408432.7188	0.1757  24712.4941	13.7238  1730476.1250	6.055806	0	136207.192723725	8	22492
13474	275.4477  602.2634	93.5900  16.5340	5.1120  1.9079	475.7842  773.3806	0.1368  0.0356	0.0772  0.1164	-88.4174  0.5028	1.300884	1	29259.4838213007	8	22492
19715	74.6537  0.8978	87.2649  0.9426	6.7214  0.0199	81.5628  1.6410	0.1064  0.0044	0.4054  0.0088	-46.4220  0.3677	1.758945	0	39562.1897361015	8	22492
13803	144.7825  602736.1250	141.8657  91316.0625	23.8968  776893.6250	1.0913  62847.5625	1.7321  244984.7969	0.0279  18894.2500	-83.7120  446254.0625	15.78611	2	355061.27112937	8	22492
16923	110.1088  12.6037	189.1230  31.5214	4.7962  0.2113	167.1857  26.4752	0.0605  0.0051	0.3536  0.0425	-22.0468  0.4264	1.215079	1	27329.5660123697	8	22492
12768	145.0123  6290.2261	141.3172  20382.0762	23.9029  55053.0820	1.3927  77580.8594	1.6234  201296.3438	0.0583  7030.7788	-63.6277  465250.0625	67.16411	2	1510655.19635487	8	22492
12253	-99 -99	-99 -99	-99 -99	-99 -99	-99 -99	-99 -99	-99 -99	-99	-9	-99	-99	-99
21024	122.8890  11.6672	150.5202  13.0126	3.3780  0.1145	178.0105  15.9307	0.1422  0.0040	0.3503  0.0265	-43.2602  0.4869	0.8490877	1	19097.679504023	8	22492
18939	-99 -99	-99 -99	-99 -99	-99 -99	-99 -99	-99 -99	-99 -99	-99	-9	-99	-99	-99
20089	-58.7461  269.5497	199.3907  169.9302	5.0854  1.2758	278.7789  201.2758	0.0660  0.0478	0.2054  0.0720	63.4689  6.2538	1.889853	1	42506.5847054994	8	22492
18585	144.6218  9538.2695	141.1520  6302.3101	23.7300  7394.7856	1.9079  20530.0957	1.1627  53651.4336	0.0885  2281.3625	-63.7588  168259.8281	59.87733	2	1346760.93917656	8	22492
7492	146.1696  2.2157	143.9260  3.1395	14.5520  5.6734	1.6295  8.0465	1.4501  0.8684	3.974e-03  9.137e-01	54.5476  44.0440	1.042304	2	23443.4968422309	8	22492
20968	144.8732  15325.5000	141.2085  5302.8091	23.5477  8022.0913	2.4327  38561.5312	1.1047  26533.9805	0.0513  1257.5837	-83.0626  135870.2969	34.66505	2	779686.385874368	8	22492
16268	-99 -99	-99 -99	-99 -99	-99 -99	-99 -99	-99 -99	-99 -99	-99	-9	-99	-99	-99
20904	-99 -99	-99 -99	-99 -99	-99 -99	-99 -99	-99 -99	-99 -99	-99	-9	-99	-99	-99
13096	-99 -99	-99 -99	-99 -99	-99 -99	-99 -99	-99 -99	-99 -99	-99	-9	-99	-99	-99
21180	146.7540  369322.0000	144.6283  112382.3125	24.9961  1036384.9375	2.0619  2719986.7500	2.0519  3355965.7500	0.0218  3726.0447	77.9489  405637.5938	73.23589	2	1647221.65757799	8	22492
17296	140.4558  3.3490	223.8694  227.7178	7.7078  1.4604	177.7355  147.4583	0.3818  0.1296	0.0730  0.0534	1.0905  1.1257	1.296054	2	29150.8560865863	8	22492
16307	-99 -99	-99 -99	-99 -99	-99 -99	-99 -99	-99 -99	-99 -99	-99	-9	-99	-99	-99
18983	-99 -99	-99 -99	-99 -99	-99 -99	-99 -99	-99 -99	-99 -99	-99	-9	-99	-99	-99
11897	142.4357  0.0001	139.8627  0.0018	13.2009  0.0000	4.074e-03  7.621e-04	2.4343  0.0000	0.1595  0.0000	-77.1476  0.0000	1.294695	2	29120.2887951743	8	22492
13628	-99 -99	-99 -99	-99 -99	-99 -99	-99 -99	-99 -99	-99 -99	-99	-9	-99	-99	-99
11588	-99 -99	-99 -99	-99 -99	-99 -99	-99 -99	-99 -99	-99 -99	-99	-9	-99	-99	-99
17271	143.7962  5382.2231	141.1070  10393.5801	23.5778  10263.4756	2.0870  31323.9453	1.5219  51306.4219	0.0960  2240.5991	28.6916  151635.8906	24.40851	2	548996.30404155	8	22492
16450	144.7328  10977.1963	141.0391  4987.0288	23.6829  9436.0547	1.9952  26851.9980	1.4492  62451.3320	0.0821  2716.4302	77.5087  155422.8281	95.86814	2	2156266.18097496	8	22492
9449	144.2406  9890.6553	141.0854  6470.0039	23.5928  12765.8779	1.2465  20143.7949	2.1108  68113.6562	0.0685  4987.4595	73.9884  364194.3125	29.96831	2	674047.294360042	8	22492
14754	144.0006  9384.2578	141.4067  2484.6924	23.5863  12206.1553	1.8139  32411.3457	1.4903  89480.0156	0.0487  1577.5687	71.4165  73163.4922	105.5767	2	2374630.0762701	8	22492
6792	-99 -99	-99 -99	-99 -99	-99 -99	-99 -99	-99 -99	-99 -99	-99	-9	-99	-99	-99
16999	145.5365  5615.6675	142.8943  48656.7305	23.6451  9556.3340	4.9960  68653.7500	0.3364  15850.6729	0.0446  1056.0504	6.9485  126594.6406	33.81498	2	760566.551146507	8	22492
10235	148.1133  44.6579	141.4840  3.2568	17.0991  198.1962	9.477e-03  8.405e+00	1.6491  10830.9219	0.3424  4496.7578	64.6338  9952.1748	1.253569	2	28195.2816787718	8	22492
20093	-99 -99	-99 -99	-99 -99	-99 -99	-99 -99	-99 -99	-99 -99	-99	-9	-99	-99	-99
12660	111.6535  8.4082	96.2297  5.7459	5.1073  150.1214	132.4131  9154.1738	0.0503  0.0012	0.3533  0.0025	55.7529  1.3734	0.2781439	0	6256.01322232502	8	22492
12048	144.6680  192969920.0000	142.0170  25437204.0000	23.8703  1153036160.0000	1.7392  4438228992.0000	1.2792  2014124672.0000	3.709e-03  2.567e+06	-83.3586  105814128.0000	43.38315	2	975773.821128249	8	22492
20948	99.6436  11.3039	43.3998  16.5502	4.6793  27.6603	185.6186  2364.4160	0.0398  0.0009	0.2833  0.0027	-33.9160  1.5535	0.1923438	1	4326.19621123232	8	22492
20223	349.9381  657.3642	133.1601  18.0399	7.3139  3.4304	227.1031  380.2433	0.3020  0.2755	0.0439  0.0531	88.3929  0.9973	1.225475	2	27563.3824911111	8	22492
18261	118.3743  0.0220	65.6431  0.0132	4.5773  0.0041	232.4963  0.0000	0.0574  0.0014	0.1644  0.0002	-35.0219  0.0739	0.2703686	1	6081.13007248092	8	22492
18821	145.2313  5.5763	112.6653  1.7986	8.8687  0.1932	31.3600  3.4170	0.0585  0.0110	0.7843  0.0377	-42.5998  14.1080	1.227272	0	27603.7957617397	8	22492
11237	142.4905  4.0192	140.1148  0.2034	16.0566  1.7442	1.6208  1.8780	0.5160  5.0156	0.0343  0.2156	-86.6670  5.8143	2.554299	2	57451.2889719528	8	22492
7258	51.6005  90.4950	160.5994  84.8594	4.3040  0.3845	285.7826  52.8808	0.0635  0.0127	0.1732  0.0268	51.4731  2.8414	0.5679632	1	12774.6277573393	8	22492
9667	106.2176  24.8140	124.5017  18.5357	4.9541  0.0948	181.4610  9.4731	0.0738  0.0036	0.2160  0.0111	54.3545  1.6162	0.3252433	1	7315.37183573718	8	22492
11685	143.9610  9373.9199	140.4288  3510.5613	23.3607  13932.9658	2.0004  28828.8770	1.2953  57655.9805	0.0553  1987.8276	72.7641  156376.2969	40.68475	2	915081.283392906	8	22492
20270	-99 -99	-99 -99	-99 -99	-99 -99	-99 -99	-99 -99	-99 -99	-99	-9	-99	-99	-99
7981	143.9434  6671.1997	140.8528  6252.0703	23.5230  8189.4155	1.6390  20718.0469	1.5783  51694.6953	0.1082  3578.7095	44.6056  149239.7812	79.24379	0	1782351.35420609	8	22492
12715	-99 -99	-99 -99	-99 -99	-99 -99	-99 -99	-99 -99	-99 -99	-99	-9	-99	-99	-99
10839	-99 -99	-99 -99	-99 -99	-99 -99	-99 -99	-99 -99	-99 -99	-99	-9	-99	-99	-99
14978	141.9347  1.5360	135.6302  0.9191	13.8769  0.4145	6.8605  4.4350	0.0526  0.1811	0.3749  0.1336	-59.3912  9.1499	1.053327	0	23691.4224120565	8	22492
19509	-99 -99	-99 -99	-99 -99	-99 -99	-99 -99	-99 -99	-99 -99	-99	-9	-99	-99	-99
15710	144.4829  6367.5234	141.3510  2746.5728	23.7053  6510.5908	1.4810  13676.8232	1.0132  44377.3242	0.1000  4817.6655	-72.8874  281845.0312	83.81811	0	1885236.83221054	8	22492
18818	147.0921  16.1924	161.8406  48.6832	10.2818  1430.3773	124.3511  81911.6797	0.0463  0.0353	0.0455  0.0114	-18.4124  0.4933	1.070997	1	24088.874586245	8	22492
19212	-99 -99	-99 -99	-99 -99	-99 -99	-99 -99	-99 -99	-99 -99	-99	-9	-99	-99	-99
7339	-99 -99	-99 -99	-99 -99	-99 -99	-99 -99	-99 -99	-99 -99	-99	-9	-99	-99	-99
19890	135.9712  265.6036	127.1398  1256.7097	17.5422  75610.6719	0.0148  2793.9731	19.9995  708767.3125	0.0232  53.9655	-9.9605  4495.9521	3.960558	2	89080.8631024391	8	22492
19489	142.3287  0.8720	138.5015  0.3639	13.8817  0.2755	5.5222  4.7317	0.0506  0.1638	0.3661  0.0878	-75.1252  6.3155	1.35813	0	30547.0663772987	8	22492
17260	145.5975  4163036774400.0000	140.9388  5226017325056.0000	11.8761  4721326161920.0000	1.000e-02  2.579e+10	2.0012  15841984774144.0000	0.0500  1991010156544.0000	-44.8639  59773756112896.0000	1.396633	2	31413.0772392254	8	22492
10638	142.4082  4.1168	142.3168  5.4608	11.3474  4.2355	132.3372  728.1172	3.3619  8.7317	7.222e-03  6.667e-03	37.1141  0.3631	1.029785	2	23161.9139262924	8	22492
19526	142.3947  3.1778	140.5246  1.2939	15.4023  42.9853	8.8527  1039.3015	16.9086  1200.4116	0.0404  0.4380	54.4897  21.7296	1.043262	2	23465.0605897506	8	22492
15893	143.8597  15607.5176	141.4155  1689.8201	22.6453  10549.3242	4.9063  70992.0234	1.4545  26783.8633	0.0787  680.2747	-84.7597  99092.2266	58.51611	2	1316144.25362661	8	22492
19965	-99 -99	-99 -99	-99 -99	-99 -99	-99 -99	-99 -99	-99 -99	-99	-9	-99	-99	-99
19718	-99 -99	-99 -99	-99 -99	-99 -99	-99 -99	-99 -99	-99 -99	-99	-9	-99	-99	-99
18188	80.1423  2.3983	46.4867  4.0866	3.8303  0.0627	152.5822  8.7404	0.1530  0.0020	0.4202  0.0237	-30.7907  0.9084	1.412295	1	31765.3358134799	8	22492
15183	144.4486  8783.6846	142.0359  7332.7119	23.8011  7403.2246	1.3007  15764.8242	1.4694  85902.0234	0.0676  2908.1125	-62.0729  329899.6562	35.76654	2	804461.038555741	8	22492
19033	143.6207  5075.7437	140.0714  7822.3096	23.2648  33440.8008	1.2470  38611.1562	1.7823  166385.6250	0.0581  6346.9155	14.7042  322049.0000	57.66477	2	1296995.98547339	8	22492
20587	109.9475  18.0466	43.0625  25.0532	4.9438  103.7224	164.4762  7856.3599	0.0503  0.0020	0.2521  0.0027	-35.0676  2.1649	0.3948735	1	8881.49458703287	8	22492
16025	144.3449  6514.1401	142.7050  3343.1965	21.2122  556481.1875	0.0280  42749.7930	19.5008  7329989.5000	0.0641  2788.1221	-59.3332  132408.2500	33.47612	2	752944.820490589	8	22492
14143	145.1100  0.0008	141.2985  0.0110	15.8285  0.0000	1.3325  0.0006	0.2220  0.0016	0.0205  0.0286	86.3913  0.0003	29.72987	2	668684.337784424	8	22492
18368	145.2406  4715.4077	142.9287  15730.1035	24.0101  11155.3936	1.9534  30373.3730	1.1310  50187.3789	0.0956  3808.6562	-14.3640  231408.4844	32.44169	2	729678.569298817	8	22492
18989	144.2823  102172.0547	141.9280  64184.9062	23.7488  24663.8652	1.3783  124464.1562	1.7681  243486.7031	0.0400  7862.5586	68.4885  977368.5625	73.52186	2	1653653.6146307	8	22492
18008	-99 -99	-99 -99	-99 -99	-99 -99	-99 -99	-99 -99	-99 -99	-99	-9	-99	-99	-99
13690	144.4360  5282.5718	141.0974  15853.4102	23.6313  8788.8564	1.1548  12071.7393	1.4874  74486.5312	0.1046  10676.9805	-84.5149  753132.0625	23.23581	0	522619.817754745	8	22492
19592	142.1314  54.4577	72.8229  26.7052	4.4116  0.5650	329.0046  169.4256	0.1621  0.0057	0.1384  0.0706	63.5911  1.2152	1.420779	1	31956.1536483837	8	22492
14450	-99 -99	-99 -99	-99 -99	-99 -99	-99 -99	-99 -99	-99 -99	-99	-9	-99	-99	-99
15461	-99 -99	-99 -99	-99 -99	-99 -99	-99 -99	-99 -99	-99 -99	-99	-9	-99	-99	-99
13410	145.2706  0.0032	141.3658  0.0023	12.0204  0.0175	255.9777  0.0001	0.0547  0.0631	5.710e-04  8.007e-05	-34.9413  0.0072	1.062035	2	23887.285529186	8	22492
19642	-99 -99	-99 -99	-99 -99	-99 -99	-99 -99	-99 -99	-99 -99	-99	-9	-99	-99	-99
10530	135.9103  0.0676	135.6930  0.0967	9.1789  0.0255	131.0175  0.0004	0.0495  0.0069	0.0626  0.0037	-32.1606  0.1222	1.214674	2	27320.4571781042	8	22492
20724	142.9064  3.9116	138.8984  2.2456	15.4572  40.5320	31.6839  2902.4780	8.7761  390.1273	0.0500  0.5008	-89.3719  53.2295	1.185241	2	26658.4362796618	8	22492
10625	-99 -99	-99 -99	-99 -99	-99 -99	-99 -99	-99 -99	-99 -99	-99	-9	-99	-99	-99
20572	218.5451  327.7502	124.9677  248.0630	6.7740  2.0016	274.6125  393.0212	0.4118  0.0901	0.1432  0.1985	-52.6323  3.0486	1.130908	2	25436.3744493884	8	22492
15567	51.0561  11.4726	171.5184  33.6365	4.3778  0.2731	143.1158  28.6769	0.0539  0.0069	0.5039  0.0587	23.4848  1.6145	1.522833	1	34251.5480968059	8	22492
6941	168.4908  98460.3516	142.2484  56044.6914	15.6173  1516.3917	99.8648  45171.2500	0.9454  466.6832	0.0489  39.8468	-60.2805  1481.7932	64.68949	2	1454996.01041937	8	22492
12337	143.5096  72664.9375	141.3626  79223.6797	23.5265  15598879.0000	1.4620  27665756.0000	1.6631  26823082.0000	7.583e-03  2.912e+04	41.4134  720841.5625	20.94747	2	471150.437982641	8	22492
19098	144.6706  687.8857	141.4687  2.1490	17.4324  353.8343	0.2860  37.9684	1.2120  1772.8182	0.0360  133.7924	-64.4119  1729.2266	1.225062	2	27554.0967018502	8	22492
8931	143.4901  1320.8376	140.4199  9989.2627	22.9766  15815.4785	3.1552  44754.0156	1.8318  82857.8594	0.0461  434.2657	6.3954  98178.1562	68.47813	2	1540210.03861523	8	22492
19771	143.5955  514.9437	141.4671  37.9721	19.1621  7800.3325	139.6977  3265492.5000	19.1854  133508.6875	0.0500  16.1899	84.8093  2370.5315	1.312267	2	29515.5009446312	8	22492
14683	145.4184  70.2566	142.2234  52.0851	12.2654  0.8452	99.5387  65.5419	0.0801  0.0769	3.382e-03  1.841e-03	-53.4474  0.0470	1.188601	2	26734.0095308405	8	22492
12469	143.7840  0.0461	141.4632  0.2432	11.6563  0.0037	0.0111  3.2528	2.0108  0.0379	0.1038  0.0577	-77.7055  0.0012	40.4241	2	909218.763376236	8	22492
13331	-99 -99	-99 -99	-99 -99	-99 -99	-99 -99	-99 -99	-99 -99	-99	-9	-99	-99	-99
17329	146.3754  43358.5977	144.1851  28245.1152	25.3245  51454.3438	2.1237  174717.2031	1.5017  435237.5625	0.0511  13426.5557	62.7050  874440.1875	25.62258	2	576303.130851299	8	22492
12194	-99 -99	-99 -99	-99 -99	-99 -99	-99 -99	-99 -99	-99 -99	-99	-9	-99	-99	-99
11273	-99 -99	-99 -99	-99 -99	-99 -99	-99 -99	-99 -99	-99 -99	-99	-9	-99	-99	-99
13813	215.3123  337.9990	149.2103  343.4539	3.3854  2.2158	795.4045  1603.0931	0.2510  0.0210	0.0526  0.1053	-44.6337  1.0397	0.8382495	1	18853.9074427046	8	22492
8025	135.0958  2.7056	143.7246  10.8000	11.3400  0.3881	26.4333  19.8062	0.0446  0.0417	0.3698  0.1139	15.7712  3.9407	1.360697	2	30604.7929474333	8	22492
16218	146.4259  127425320.0000	145.1645  73695848.0000	24.9229  64485700.0000	1.7073  93259992.0000	0.0906  31860784.0000	0.0583  21902638.0000	-77.1868  173684240.0000	62.34286	2	1402215.69452001	8	22492
15472	142.6130  13076.6455	141.4436  2024.6904	22.6245  33251.9453	7.5110  384938.5625	3.2299  164499.0781	0.1074  1923.2986	-87.1999  131771.9219	44.725	0	1005954.75493431	8	22492
11943	-99 -99	-99 -99	-99 -99	-99 -99	-99 -99	-99 -99	-99 -99	-99	-9	-99	-99	-99
11668	138.2540  1.2185	139.1152  0.4184	14.5724  0.4754	4.3661  17.3792	0.0478  0.5143	0.2136  0.1117	-70.7317  7.1885	1.012669	2	22776.950892312	8	22492
21210	104.4745  8.1812	44.6507  11.6203	5.1374  104.8376	132.4502  6394.6304	0.0510  0.0016	0.3366  0.0026	-34.1332  1.7874	0.3484103	0	7836.44491715161	8	22492
13377	144.0787  3.9126	91.4874  15.5129	16.4008  258.5905	0.0108  3.5256	7.8115  1728.7302	0.2045  143.2584	-10.3039  9864.7217	1.081979	2	24335.8676864917	8	22492
19547	-99 -99	-99 -99	-99 -99	-99 -99	-99 -99	-99 -99	-99 -99	-99	-9	-99	-99	-99
19916	-99 -99	-99 -99	-99 -99	-99 -99	-99 -99	-99 -99	-99 -99	-99	-9	-99	-99	-99
13620	-99 -99	-99 -99	-99 -99	-99 -99	-99 -99	-99 -99	-99 -99	-99	-9	-99	-99	-99
12073	143.8327  0.4445	140.7938  0.5985	16.4035  0.7452	1.0138  0.9250	0.0641  5.6761	0.5335  0.5423	-39.6321  73.1593	1.038404	0	23355.7856840918	8	22492
13726	140.4205  1.0007	142.1957  1.3938	14.8694  0.4646	5.1729  3.8182	1.1235  1.3506	0.0292  0.0290	-35.2964  2.3718	1.139681	2	25633.693272636	8	22492
20534	-99 -99	-99 -99	-99 -99	-99 -99	-99 -99	-99 -99	-99 -99	-99	-9	-99	-99	-99
20174	144.1949  0.6720	140.1846  2.0651	16.9935  7126.4253	1.000e-02  3.882e+01	3.9753  11094.9219	0.1272  2862.0801	-20.3544  71829.3750	1.094934	2	24627.2552138468	8	22492
18894	143.5637  1207.4740	140.0394  8954.0117	22.8192  12500.6328	2.6273  37454.5000	2.5151  88729.7266	0.0779  999.8248	9.7089  158268.3438	134.3314	2	3021381.27693939	8	22492
14247	-99 -99	-99 -99	-99 -99	-99 -99	-99 -99	-99 -99	-99 -99	-99	-9	-99	-99	-99
7002	-99 -99	-99 -99	-99 -99	-99 -99	-99 -99	-99 -99	-99 -99	-99	-9	-99	-99	-99
20657	145.7460  5196832256.0000	140.8988  6588084736.0000	26.6238  66591662080.0000	0.1618  13726309376.0000	1.2391  55662346240.0000	0.0306  2894306304.0000	41.7792  208334209024.0000	1.158656	2	26060.4889416825	8	22492
10949	145.4827  10260.8613	142.3532  51878.0391	23.3289  13254.8281	5.5397  101993.7109	0.7109  27578.3223	0.0876  1397.7303	11.5520  118123.5859	84.19007	2	1893603.00470066	8	22492
18467	146.4474  37295.2578	143.3577  17906.7344	25.1141  62554.4336	1.7513  119351.9453	1.6987  492846.6250	0.0548  6178.8257	58.3107  374832.7812	18.82471	2	423405.416288422	8	22492
20635	174.6285  209399.5000	139.2348  560996.9375	16.0091  59048.2812	131.5110  7778632.0000	19.1073  1873158.6250	0.0502  132.7641	-20.0099  5345.5312	1.020771	2	22959.1882866434	8	22492
12132	66.8517  18.2602	233.1210  156.7809	4.4168  0.6176	365.2382  194.2370	0.1795  0.0181	0.1297  0.0647	6.7260  0.3709	1.292896	1	29079.8199175547	8	22492
16030	133.3786  15.6829	214.7977  33.0579	4.1917  0.2233	181.4413  26.6658	0.0683  0.0067	0.4003  0.0401	-25.7790  0.7776	1.183028	1	26608.6612561776	8	22492
14137	137.1606  20.9579	123.6757  41.9565	16.1795  5285.8223	0.0168  241.8684	19.9959  67789.5234	0.1550  50.9870	-10.2125  2782.6321	35.58077	2	800282.618541285	8	22492
19022	147.2640  49.8544	143.1685  40.2792	11.4444  0.9703	63.7854  47.8289	0.0826  0.0763	0.0413  0.0253	-50.9892  0.6486	1.1327	2	25476.6849770762	8	22492
20000	144.1953  10632.6514	141.8945  5768.1748	23.6522  8579.9277	1.9756  26009.8633	1.2310  48083.4180	0.0976  4745.2510	60.9660  151109.3125	86.73041	2	1950740.28033602	8	22492
21098	143.9120  17.2528	139.1066  2.8203	12.7178  0.7568	22.6841  34.1154	0.0421  0.0817	0.0998  0.0574	80.9052  2.4083	1.087437	2	24458.6380369409	8	22492
13709	141.2654  11.1776	140.9156  22.3782	17.1819  8.6350	2.6429  21.3772	0.0810  13.7387	0.0574  3.6433	86.4492  315.4373	1.2478	2	28065.5100335446	8	22492
12066	112.6006  105.0194	70.6286  596.5818	5.6700  0.9189	279.6839  238.8160	0.0651  0.0215	0.1489  0.1281	8.4260  13.2886	1.534845	0	34521.7345696012	8	22492
19056	110.7070  0.4701	145.2138  0.2460	8.0256  0.0261	74.2081  0.0008	0.0345  0.0009	0.3769  0.0067	-79.4923  0.4331	1.458842	1	32812.2697511605	8	22492
19374	-99 -99	-99 -99	-99 -99	-99 -99	-99 -99	-99 -99	-99 -99	-99	-9	-99	-99	-99
