# ID	x	x_err	y	y_err	mag	mag_err	re	re_err	n	n_err	q	q_err	theta	theta_err	chi	flag	chi2	nfree	ndegrees_freedom
14247	-99 -99	-99 -99	-99 -99	-99 -99	-99 -99	-99 -99	-99 -99	-99	-9	-99	-99	-99
14769	140.5534  1.0607	141.8930  5.8048	23.8761  183.2523	8.942e-03  4.332e+00	19.8838  1963.3877	0.0459  3.1947	35.2273  106.8519	0.8138934	2	18306.09053908	8	22492
18008	149.9961  325.3680	151.8168  273.9338	28.1467  96.1566	8.8510  1813.7263	4.2476  603.1249	0.8862  107.3473	-58.3301  32391.0234	0.7486489	2	16838.610991412	8	22492
21210	153.9583  0.0000	155.7002  0.0000	30.4338  0.0000	8.795e-03  3.372e-12	0.0946  0.0000	0.2100  0.0000	-74.3587  0.0000	0.9589561	2	21568.8397435302	8	22492
20316	168.4860  35080352.0000	163.3390  261601760.0000	34.8141  696033856.0000	1.000e-02  9.576e+06	8.1813  1311332608.0000	0.0500  346581824.0000	11.1821  38317096960.0000	0.8306165	2	18682.2272809059	8	22492
17108	-99 -99	-99 -99	-99 -99	-99 -99	-99 -99	-99 -99	-99 -99	-99	-9	-99	-99	-99
8487	-99 -99	-99 -99	-99 -99	-99 -99	-99 -99	-99 -99	-99 -99	-99	-9	-99	-99	-99
19921	154.4336  18980748132352.0000	153.9312  32157468721152.0000	29.4180  2711735781818368.0000	6.904e-03  3.086e+12	0.5718  476966754975744.0000	0.0230  63770583891968.0000	-65.7127  1363090549506048.0000	1.561682	2	35125.3447012442	8	22492
13331	-99 -99	-99 -99	-99 -99	-99 -99	-99 -99	-99 -99	-99 -99	-99	-9	-99	-99	-99
19916	137.5938  1.4444	163.7068  1.5032	18.0390  0.9418	86.4157  287.0297	19.5596  26.3744	0.7770  0.0625	-14.9063  11.3856	0.7265382	2	16341.2981728303	8	22492
9917	258.4684  58.4861	149.4906  5.1777	16.8171  1.3722	73.3343  12.9236	1.2049  0.2439	0.0467  0.0080	-84.9363  0.1628	0.6551258	2	14735.0894770913	8	22492
20709	192.5359  284831712.0000	170.0809  932989120.0000	35.1187  6414219264.0000	1.000e-02  1.446e+08	8.4394  38770728960.0000	0.2723  2237635072.0000	-69.7183  128044867584.0000	0.8020428	2	18039.546595556	8	22492
9923	155.0064  1272495.7500	157.0417  358590.3125	33.7462  242843.6562	153.3061  146656320.0000	17.8884  6647247.0000	0.0439  1894.5480	-75.2849  243115.9844	0.9756414	2	21944.1271202012	8	22492
19625	128.6353  0.6145	146.3631  0.3298	21.9885  0.0691	11.9036  4.3539	0.0534  0.1265	0.1993  0.0268	-74.0160  2.0027	0.8164359	0	18363.2751735631	8	22492
12918	145.3746  11069.4150	97.6860  53000.8086	33.4830  2072226.2500	5.252e-03  2.096e+04	17.7742  11201425.0000	0.0601  37443.5938	36.1538  2332816.2500	0.7695968	2	17309.7713402581	8	22492
14683	-99 -99	-99 -99	-99 -99	-99 -99	-99 -99	-99 -99	-99 -99	-99	-9	-99	-99	-99
15094	142.9126  3.2945	132.6600  11.8960	16.7525  1.3200	538.2803  479.5833	1.2774  0.3893	0.2778  0.0375	11.3795  2.8855	0.7586703	0	17064.0123654836	8	22492
10996	-99 -99	-99 -99	-99 -99	-99 -99	-99 -99	-99 -99	-99 -99	-99	-9	-99	-99	-99
16923	144.5169  0.5525	140.3490  3.5487	24.9131  1.2038	4.0098  15.0924	3.6512  15.8919	0.0597  0.7595	25.7126  27.4353	1.253642	2	28196.923892826	8	22492
13096	-99 -99	-99 -99	-99 -99	-99 -99	-99 -99	-99 -99	-99 -99	-99	-9	-99	-99	-99
11156	147.8766  13191958528.0000	158.8416  14768862208.0000	28.5024  12128555630592.0000	8.227e-03  4.646e+09	0.3253  172860932096.0000	0.0425  20376502272.0000	-55.0934  17845150810112.0000	0.8278621	2	18620.2759518034	8	22492
16450	160.8326  2.2997	167.6037  4.4643	18.9559  0.4758	5.4626  6.2059	12.6390  14.4946	0.1592  0.0201	-28.6551  1.4775	0.8786942	2	19763.591153682	8	22492
8386	-99 -99	-99 -99	-99 -99	-99 -99	-99 -99	-99 -99	-99 -99	-99	-9	-99	-99	-99
20934	-99 -99	-99 -99	-99 -99	-99 -99	-99 -99	-99 -99	-99 -99	-99	-9	-99	-99	-99
12389	157.6643  4095239.0000	174.0648  1751707.5000	30.6398  11994523.0000	0.0100  308030.3750	11.0805  71288680.0000	0.1313  1148707.8750	-24.4455  35555760.0000	0.9616168	2	21628.6836632544	8	22492
20905	246.3552  562243531964416.0000	143.7820  95233752694784.0000	27.0110  907408679370752.0000	0.0150  4615814250496.0000	6.4761  208178407014400.0000	0.1960  516710039552.0000	-79.8850  5536522698752.0000	0.8162184	2	18358.3849655318	8	22492
20724	176.1033  67861815296.0000	161.9194  5400106496.0000	36.9376  58486390784.0000	1.000e-02  5.433e+08	4.2002  112768516096.0000	0.1120  25071376384.0000	-22.8695  1252574232576.0000	1.0063	2	22633.7070205284	8	22492
12837	-99 -99	-99 -99	-99 -99	-99 -99	-99 -99	-99 -99	-99 -99	-99	-9	-99	-99	-99
17888	146.6199  11.6355	142.9661  9.1490	26.4707  3.1166	3.7083  21.6546	0.5300  17.2650	0.1490  8.5237	48.2350  230.6123	0.7601073	0	17096.3338315734	8	22492
6948	153.3632  98419.3672	154.3011  202206.2812	31.0923  141646.4531	19.2009  8039822.5000	19.3965  4878324.0000	0.0500  6782.8813	23.7580  530295.3125	2.132992	2	47975.2540791654	8	22492
13410	129.0534  83.5070	99.8476  49.1441	18.3290  0.3009	166.0452  30.7117	0.0993  0.0184	0.2971  0.0550	58.0268  7.6454	0.7171464	0	16130.0571291428	8	22492
16119	156.8619  3556592.7500	156.9779  215847520.0000	29.7616  79904672.0000	7.548e-03  4.648e+05	3.8970  121858560.0000	0.1912  34424040.0000	-89.0039  2559647232.0000	0.8627097	2	19404.0667767952	8	22492
17271	154.1091  156753.1406	158.4202  164728.7500	29.1645  33707.7031	114.2198  3683170.5000	3.8866  130592.2188	0.7716  4085.8420	49.1601  417091.7188	0.9964203	2	22411.486309174	8	22492
19663	120.8182  0.4437	130.3613  0.1826	17.9279  1.0149	1455.4102  2560.0327	8.9736  3.2973	0.2054  0.0108	76.7086  0.9254	0.7070238	0	15902.3795039211	8	22492
11540	106.9422  1.8658	169.3471  3.0805	18.0912  0.2435	9.8529  1.5650	2.0629  0.3080	0.3414  0.0257	33.1922  2.6808	1.281399	2	28821.2342341007	8	22492
10439	-99 -99	-99 -99	-99 -99	-99 -99	-99 -99	-99 -99	-99 -99	-99	-9	-99	-99	-99
16518	-99 -99	-99 -99	-99 -99	-99 -99	-99 -99	-99 -99	-99 -99	-99	-9	-99	-99	-99
8860	152.8349  2592.6501	155.5603  2383.3740	29.4490  1145.4120	2.4608  12066.1357	0.4088  5050.6836	0.0527  5730.2568	31.9090  128188.6953	0.8892421	2	20000.8330432625	8	22492
17329	123.9188  1.2226	162.2383  1.4602	15.2686  0.1843	257.3781  58.1225	3.4670  0.4713	0.4270  0.0071	-72.7112  0.6887	0.3137127	2	7056.02521146374	8	22492
6109	111.0166  16498.7031	154.8786  2164391.7500	29.5709  4867413.0000	7.799e-03  2.674e+04	4.4938  8073836.5000	0.3121  2579198.7500	85.9784  435561184.0000	1.19939	2	26976.689754212	8	22492
18581	154.7267  128.4495	146.7585  372.1722	25.5495  770.6996	0.0101  30.3881	19.9668  15869.3750	0.3072  104.2936	74.2100  6988.7578	0.7763719	2	17462.1572342088	8	22492
18989	-99 -99	-99 -99	-99 -99	-99 -99	-99 -99	-99 -99	-99 -99	-99	-9	-99	-99	-99
18202	150.2164  67.1709	150.1189  194.8118	27.9808  43.8885	3.3242  144.5811	0.6824  63.6486	0.4086  19.9645	4.5406  2833.6270	0.8367283	2	18819.6932700326	8	22492
20614	153.5220  9451.7314	158.5109  8291.9980	30.5152  1970.7744	1.8409  20758.9609	0.3550  16870.0254	0.7278  8916.7734	-55.7893  1873510.5000	0.8378373	2	18844.6366803893	8	22492
8931	-99 -99	-99 -99	-99 -99	-99 -99	-99 -99	-99 -99	-99 -99	-99	-9	-99	-99	-99
13467	-99 -99	-99 -99	-99 -99	-99 -99	-99 -99	-99 -99	-99 -99	-99	-9	-99	-99	-99
18585	149.7003  88.4700	152.3223  97.6592	28.1652  53.2436	1.1826  557.0562	0.3667  1280.2743	0.8129  115.0089	26.8190  31526.8203	0.7863214	2	17685.941486515	8	22492
12132	154.1353  12123.2266	155.8640  9135.2812	29.4131  6476.7959	10.0917  246752.2656	19.2988  300546.2812	0.2925  3448.8538	36.9596  123154.2500	0.7950683	2	17882.6750836383	8	22492
6093	150.1270  62.1090	149.9922  240.0183	27.9494  51.9983	3.0253  182.1977	0.5565  66.8581	0.3449  27.0117	-5.4327  2247.7766	0.9536583	2	21449.6821411136	8	22492
20190	110.7064  31.2214	17.6475  158.4429	18.3801  1.6341	381.2009  566.1517	0.5175  0.0755	0.0737  0.1090	11.2125  0.9994	0.9926571	2	22326.8436432963	8	22492
16079	172.5061  61.4083	142.0115  54.5407	19.3537  1.2720	73.5087  51.4405	0.1907  0.1276	0.6663  0.2206	-32.9764  22.7043	0.7550594	2	16982.796235713	8	22492
10653	159.1909  642522.8750	154.1978  977594.3750	30.5648  119312848.0000	1.103e-03  1.974e+05	13.1490  349204832.0000	0.0442  1675687.8750	54.0216  258937648.0000	0.9881968	2	22226.5226480449	8	22492
13936	150.7279  0.7266	99.0903  0.5112	14.8726  1.7397	4567.6685  11733.0078	8.5531  3.9939	0.5106  0.0164	-14.5325  2.0400	1.198935	1	26966.4373544549	8	22492
12469	130.6196  19.1440	150.0420  10.4895	17.3952  1.2029	461.0118  512.3290	1.4711  0.2811	0.1640  0.1568	66.8067  2.2261	0.735552	2	16544.0360546793	8	22492
20344	-99 -99	-99 -99	-99 -99	-99 -99	-99 -99	-99 -99	-99 -99	-99	-9	-99	-99	-99
15552	251.5908  38799965752918016.0000	248.7271  70670826407460864.0000	55.2879  6802097546723328.0000	1.000e-02  4.563e+14	17.6737  3090525322215424.0000	0.0755  9033095760052224.0000	-60.7366  315638898929696768.0000	0.7874915	2	17712.2587151675	8	22492
18983	141.1676  8651931.0000	136.0287  4156602.2500	27.0978  6978.0933	0.1567  157122.9531	0.5757  296603.9062	0.0500  19780.0820	-45.4194  27297190.0000	0.829106	2	18648.2519115902	8	22492
11943	-99 -99	-99 -99	-99 -99	-99 -99	-99 -99	-99 -99	-99 -99	-99	-9	-99	-99	-99
19464	151.9011  19164.7656	154.7747  23611.8105	30.0344  6889.8892	4.4779  35871.6680	1.8997  64622.7383	8.453e-03  1.860e+02	38.2587  25964.8750	0.9972141	2	22429.3408126148	8	22492
16835	137.8728  77.1206	135.6742  39.2894	22.6422  3.7307	42.8656  153.4129	0.1364  1.0591	0.0834  0.3069	62.7746  5.9840	3.147694	2	70797.9394882876	8	22492
15893	334.6317  12328071.0000	231.1578  4551249.5000	24.5615  2583996.7500	2.6685  12138679.0000	14.3572  12432282.0000	0.1563  2456.4292	-73.4758  147642.8906	0.994137	2	22360.1306247992	8	22492
19198	-99 -99	-99 -99	-99 -99	-99 -99	-99 -99	-99 -99	-99 -99	-99	-9	-99	-99	-99
18894	112.8602  68476.2734	106.4335  400873.5312	31.4963  687032.5000	0.0118  66302.9219	4.2938  397463.4688	0.0194  171449.6094	-11.8606  2439065.2500	0.8387212	2	18864.5174547789	8	22492
19725	152.7164  7468.5381	155.0885  6697.7217	28.6236  1357.9932	30.8121  87726.1094	5.7940  12000.1543	0.5375  292.9837	-80.2948  52863.1328	1.040367	2	23399.93650456	8	22492
12704	-99 -99	-99 -99	-99 -99	-99 -99	-99 -99	-99 -99	-99 -99	-99	-9	-99	-99	-99
18818	33.1451  0.0000	184.9266  0.0000	19.7866  0.0000	0.0202  0.0000	3.1200  0.0000	0.1095  0.0000	46.1052  0.0000	0.8183944	2	18407.3278855725	8	22492
6528	154.2439  3501.8228	152.2970  7004.5713	27.4311  11048.1816	9.982e-03  3.907e+02	19.4876  156152.5156	0.0491  246.1426	-24.2676  10527.0566	0.7891929	2	17750.5273268191	8	22492
7664	-99 -99	-99 -99	-99 -99	-99 -99	-99 -99	-99 -99	-99 -99	-99	-9	-99	-99	-99
10160	151.3363  0.0000	153.3580  0.0000	35.3942  0.0000	7.451e-04  6.473e-17	1.4752  0.0000	0.0264  0.0000	40.1546  0.0000	1.035816	2	23297.5809452184	8	22492
13690	144.4789  0.6944	142.9686  0.9653	23.7290  4.0628	26.4397  278.4489	10.9523  45.2922	0.4237  0.4918	-27.6152  32.4165	0.8265042	2	18589.7321625312	8	22492
20395	187.5013  24562258.0000	151.5373  15469944.0000	34.0319  63266324.0000	1.000e-02  2.355e+06	15.0698  999408960.0000	0.8183  57552508.0000	49.8375  8797808640.0000	0.8244883	2	18544.3902737184	8	22492
13393	222.1025  7281944559616.0000	191.7787  6198400122880.0000	38.3957  1147564457984.0000	14.6201  1683735576576.0000	1.3267  60477624320.0000	0.3937  12044935168.0000	-39.3594  1002741497856.0000	3.305926	2	74356.8956637655	8	22492
18294	-99 -99	-99 -99	-99 -99	-99 -99	-99 -99	-99 -99	-99 -99	-99	-9	-99	-99	-99
7478	-99 -99	-99 -99	-99 -99	-99 -99	-99 -99	-99 -99	-99 -99	-99	-9	-99	-99	-99
10235	-99 -99	-99 -99	-99 -99	-99 -99	-99 -99	-99 -99	-99 -99	-99	-9	-99	-99	-99
9227	120.4964  0.0500	146.3905  0.0637	18.3876  0.0124	5.9689  0.1749	4.9365  0.3136	0.7245  0.0208	-4.0086  2.9929	0.7777739	0	17493.6911261136	8	22492
16030	56.5905  61.4230	59.7068  210.0618	25.7682  1790.3058	7.020e-03  3.505e+01	19.9704  19041.4531	0.0415  41.6484	-38.9845  2132.9697	2.945634	2	66253.1953023174	8	22492
13437	149.8834  1351.3900	154.5724  1105.4866	28.7118  288.5624	3.0131  1453.2253	0.1375  628.0100	0.4783  364.1284	35.8133  20299.0117	0.7498308	2	16865.1938040875	8	22492
20587	169.8168  0.0000	149.4339  0.0000	35.1163  0.0000	1.557e-04  4.939e-12	10.8697  0.0000	0.0500  0.0000	-82.0750  0.0000	0.7702144	2	17323.6626426182	8	22492
15585	114.5286  0.0262	127.5570  0.0351	18.3219  0.0089	4.1494  0.0567	2.3757  0.0800	0.5357  0.0120	-35.5702  1.0134	0.7081127	0	15926.8706765629	8	22492
13129	-99 -99	-99 -99	-99 -99	-99 -99	-99 -99	-99 -99	-99 -99	-99	-9	-99	-99	-99
12243	-99 -99	-99 -99	-99 -99	-99 -99	-99 -99	-99 -99	-99 -99	-99	-9	-99	-99	-99
18623	-99 -99	-99 -99	-99 -99	-99 -99	-99 -99	-99 -99	-99 -99	-99	-9	-99	-99	-99
20223	164.0471  143346320.0000	162.5919  140368960.0000	32.7006  1391969280.0000	2.299e-03  4.856e+06	11.1695  3673821952.0000	0.0336  46273760.0000	-39.4242  1025528704.0000	1.052709	2	23677.5206379955	8	22492
19808	149.9247  0.3359	145.5266  5.1668	25.7575  2266.5964	3.0858  2466.4458	0.0217  235.8699	0.0648  115.6689	7.3852  7046.2461	0.7360197	2	16554.5558445696	8	22492
15694	-99 -99	-99 -99	-99 -99	-99 -99	-99 -99	-99 -99	-99 -99	-99	-9	-99	-99	-99
17066	168.0377  32.2110	21.6354  43.1524	18.6397  1.2977	95.3840  8.7004	0.5100  0.2290	0.2876  0.0978	4.1849  6.7682	0.7366704	2	16569.1899582864	8	22492
15669	183.5215  6627856.0000	166.7599  36132636.0000	32.1864  258342832.0000	3.867e-03  2.266e+06	17.5781  1915433216.0000	0.1408  31428842.0000	83.7763  1007212800.0000	0.7784713	2	17509.3762700619	8	22492
17744	106.9763  48.9335	159.2515  46.4261	21.8078  2.0066	34.9179  62.8275	0.0520  0.1086	0.1109  0.1047	47.2719  2.6275	0.8375089	2	18837.2512159978	8	22492
8188	152.8007  97198.0547	187.1073  34226.4727	25.7989  126599.2656	8.250e-03  3.109e+03	14.2631  1028947.8750	0.2586  14770.4082	-12.8713  459444.6875	0.8802	2	19797.4590620157	8	22492
10462	156.1250  82706.9688	160.0147  275364.3125	29.7429  990801.1875	9.057e-03  2.373e+04	11.5812  8168601.0000	0.4088  285925.2188	-84.5930  30309216.0000	0.7327471	2	16480.9478312719	8	22492
14350	18.5035  0.0280	140.5879  0.0391	17.2073  0.0044	9.6034  0.0866	1.6660  0.0281	0.6389  0.0051	34.7520  0.6915	0.6271076	0	14104.9051946757	8	22492
12368	152.6218  3200.8403	158.1629  3942.7783	29.3281  841.5817	0.4764  19835.7988	0.9698  138034.2812	0.6823  28278.0273	-56.2620  2247633.0000	1.273205	2	28636.9361091099	8	22492
21097	-99 -99	-99 -99	-99 -99	-99 -99	-99 -99	-99 -99	-99 -99	-99	-9	-99	-99	-99
12660	143.8641  0.2950	141.1122  0.2481	23.6520  0.1194	2.5097  0.4858	0.0631  1.6632	0.4420  0.2566	52.6572  18.6166	0.7850844	0	17658.1184540307	8	22492
15472	-99 -99	-99 -99	-99 -99	-99 -99	-99 -99	-99 -99	-99 -99	-99	-9	-99	-99	-99
14978	51.2638  203.2780	146.5323  498.0394	18.8646  4.3099	381.2489  1491.0171	0.3249  0.0635	0.0794  0.3094	-22.2638  3.0647	0.7938108	2	17854.3933798902	8	22492
7862	158.5255  0.0000	158.4112  0.0000	30.9375  0.0000	2.189e-03  3.153e-11	3.6042  0.0000	0.0358  0.0000	-26.1705  0.0000	1.182895	2	26605.6711033547	8	22492
13746	-3.4363  1.3553	122.7762  0.4261	19.2250  0.1934	8.5842  0.6005	1.4122  0.1350	0.8342  0.0425	-33.7545  16.5040	0.8982434	2	20203.2909473928	8	22492
15960	44.7470  112208.0703	176.0264  452643.4688	26.8720  19707358.0000	4.4843  45101152.0000	0.0296  1095148.2500	0.0227  420076.5312	11.3865  47971356.0000	0.831909	2	18711.2974148762	8	22492
13874	216.5107  211.8046	122.1267  40.0007	19.6602  2.5064	108.1864  94.6763	0.5623  0.2601	0.2219  0.1987	78.0976  7.3266	0.8855131	2	19916.9615115437	8	22492
15435	161.3205  630.3759	128.3525  1013.2545	16.1919  3.5668	629.6111  1855.9189	0.1236  0.1772	0.1549  0.4059	32.2939  12.8157	0.754786	2	16976.6457102608	8	22492
18927	163.8235  135423328.0000	183.7606  20916924.0000	32.1017  1161910656.0000	9.556e-03  4.843e+06	9.6181  85880192.0000	0.0186  60125116.0000	-80.4777  2487745280.0000	0.8167292	2	18369.8732155596	8	22492
18064	150.0118  57.9265	149.8986  171.0334	27.9267  37.2311	3.4093  113.9870	0.7232  53.2688	0.4446  18.5748	-6.2862  1999.3920	1.083918	2	24379.4817577873	8	22492
12120	174.4622  1272873472.0000	162.2221  2389789696.0000	39.3787  109300480.0000	13.1084  2606219008.0000	0.8159  174638768.0000	0.1162  33104444.0000	-23.9753  1964153216.0000	0.8351825	2	18784.9256189107	8	22492
11098	125.6352  28.7265	174.2061  19.2700	19.7271  1.3844	17.4757  18.9226	0.7449  0.7094	0.1418  0.0545	-54.9618  7.1350	0.7982627	2	17954.5245822066	8	22492
10274	154.2692  81810.5547	155.2716  234095.7500	32.6169  40024.4883	4.9695  377461.3750	3.2783  396335.5000	0.0500  11942.3643	12.8724  575629.0000	0.9226996	2	20753.3583355016	8	22492
20174	-99 -99	-99 -99	-99 -99	-99 -99	-99 -99	-99 -99	-99 -99	-99	-9	-99	-99	-99
21114	-99 -99	-99 -99	-99 -99	-99 -99	-99 -99	-99 -99	-99 -99	-99	-9	-99	-99	-99
12798	126.1808  0.0510	113.9547  0.0386	16.2480  0.2230	572.6541  387.0684	19.9998  2.7890	0.3665  0.0056	60.8111  0.4901	0.8938015	2	20103.3838737605	8	22492
20567	151.6512  3.4535	138.4470  3.8895	16.3976  1.8406	562.7477  1115.1432	3.4876  2.4452	0.4231  0.0250	-13.6284  3.1274	2.811804	2	63243.093900468	8	22492
13678	137.5648  0.1394	-3.5327  0.2812	16.3617  0.0401	9.9841  0.3899	2.2510  0.0514	0.6631  0.0154	-42.7774  1.7612	0.6897857	2	15514.6591713262	8	22492
13783	130.9373  1.2330	141.7551  0.7560	23.8567  0.1680	10.2602  34.2513	0.0442  0.3348	0.4998  0.1094	-83.1719  8.4770	0.8124321	2	18273.2222541949	8	22492
16218	151.8173  0.2001	121.9124  0.0706	16.7036  0.0203	12.8141  0.2583	1.9971  0.0407	0.9127  0.0102	24.7929  4.4971	0.5297686	2	11915.5565317205	8	22492
19644	162.6764  0.0000	133.8676  0.0000	31.4029  0.0000	8.765e-03  1.081e-10	3.5541  0.0000	0.0413  0.0000	-61.2768  0.0000	1.061857	2	23883.2862952955	8	22492
11871	139.3197  2315742720.0000	198.7981  1127702784.0000	32.9237  8517426688.0000	4.860e-03  8.693e+07	13.7175  44347060224.0000	0.0500  750535232.0000	58.2372  6655691776.0000	0.9495369	2	21356.9840479381	8	22492
20487	150.2328  2719268.0000	172.4215  4079546.0000	31.5661  34488340.0000	1.000e-02  1.091e+06	8.4698  306880224.0000	0.8938  18804034.0000	-81.9402  8539742720.0000	0.8735827	2	19648.6211567547	8	22492
12768	-99 -99	-99 -99	-99 -99	-99 -99	-99 -99	-99 -99	-99 -99	-99	-9	-99	-99	-99
5953	156.5775  0.0000	160.5519  0.0000	32.3741  0.0000	8.931e-03  4.786e-11	2.5008  0.0000	0.0291  0.0000	31.2445  0.0000	0.9474288	2	21309.5684855732	8	22492
8753	172.7805  42532285151956697088.0000	146.0264  1114872561680030629888.0000	34.1767  3939475078871370432512.0000	6.768e-05  2.483e+15	3.7325  83602351780366647296.0000	0.0500  1492420733572218880.0000	1.1617  4485507823242418585600.0000	0.9006715	2	20257.9048211595	8	22492
21069	151.2365  6875.9756	159.5645  8808.8350	29.7280  1682.3650	3.6819  13596.3662	1.1259  5642.7676	0.1998  990.0615	-47.3031  58142.6523	0.8644961	2	19444.2457261785	8	22492
14450	143.7186  32.3559	146.4538  21.5499	20.3625  1.5544	27.4298  28.8084	0.3953  0.5273	0.4695  0.5504	56.4503  48.1094	6.081001	0	136773.877250373	8	22492
19771	161.0038  340383.6875	156.7900  381691.0000	29.5357  93662.2344	145.0381  16614959.0000	4.9087  472090.8750	0.8062  7106.5532	72.1150  1571980.7500	1.028894	2	23141.8893089725	8	22492
12327	149.2351  89.7931	149.1523  170.7612	27.6675  46.0100	3.2176  165.8555	0.2674  32.9650	0.3840  19.1163	-27.3847  1286.1278	0.9253529	0	20813.0375410645	8	22492
14015	-99 -99	-99 -99	-99 -99	-99 -99	-99 -99	-99 -99	-99 -99	-99	-9	-99	-99	-99
19033	159.7807  393141.4375	164.8226  31775.0859	30.7593  92825.7266	3.8044  1081543.5000	10.8785  3536917.0000	0.0500  29756.6680	72.7121  2644161.7500	0.8330564	2	18737.1046017233	8	22492
13308	111.6763  411485152.0000	160.7581  1001925248.0000	42.3980  104742152.0000	8.9446  1727626624.0000	6.9105  1986405888.0000	0.1072  6015007.5000	-20.0264  768023616.0000	0.8822219	2	19842.9358579538	8	22492
9608	167.2330  237.3318	122.7729  232.5056	23.2735  13.0223	27.3948  231.1657	0.0651  0.6706	0.1178  0.5819	44.3421  22.6948	0.8110116	2	18241.2734393381	8	22492
8476	-99 -99	-99 -99	-99 -99	-99 -99	-99 -99	-99 -99	-99 -99	-99	-9	-99	-99	-99
16307	157.6895  4144358.2500	268.6978  6704538.0000	28.7944  497957.3125	979.4171  804761920.0000	13.8672  9992924.0000	0.0636  1252.8073	-31.7946  30967.1465	0.8065618	2	18141.18745164	8	22492
10572	152.2213  135832.3906	152.8438  90908.1328	32.1555  938160.3750	8.267e-03  2.788e+04	19.9708  16874986.0000	0.1368  69590.1875	21.1115  5211497.0000	1.004644	2	22596.4556177415	8	22492
13709	122.5108  0.0657	117.9048  0.0675	19.0836  0.0139	5.1257  0.1224	3.0457  0.1521	0.9694  0.0246	26.3070  26.7903	0.7290591	0	16397.9974282293	8	22492
16689	274.7668  607.5690	386.5526  615.4915	14.8823  9.2635	178.0558  78.0306	0.7392  0.7560	0.2847  0.1760	-53.0403  14.8890	0.7551489	2	16984.8107304709	8	22492
11973	155.4428  0.0000	155.1225  0.0000	29.8723  0.0000	7.381e-03  7.828e-10	1.1669  0.0000	0.0377  0.0000	59.4329  0.0000	1.593657	2	35844.5251849168	8	22492
12914	-99 -99	-99 -99	-99 -99	-99 -99	-99 -99	-99 -99	-99 -99	-99	-9	-99	-99	-99
9277	155.7079  0.0000	157.1706  0.0000	30.0239  0.0000	0.6118  0.0000	0.1736  0.0000	0.0565  0.0000	55.7410  0.0000	1.076198	2	24205.8485965204	8	22492
12158	163.3428  633883.7500	155.8030  19855438.0000	29.8268  140589584.0000	7.339e-03  1.586e+06	5.2841  401198784.0000	0.3412  83183584.0000	76.9697  6017365504.0000	0.8929017	2	20083.1436151596	8	22492
13100	155.0737  99316.8594	160.5529  142257.5938	29.8459  458683.0938	7.608e-03  1.329e+04	14.8016  6004886.0000	0.2598  61195.0117	-51.4876  2703166.7500	1.006106	2	22629.3351113436	8	22492
20093	151.2088  29668.0273	156.7623  36120.2266	28.7727  1665.5226	46.1391  37282.9141	1.8505  2940.1309	0.4157  284.5180	-45.3970  16909.3125	1.571136	2	35337.9792943568	8	22492
17260	-99 -99	-99 -99	-99 -99	-99 -99	-99 -99	-99 -99	-99 -99	-99	-9	-99	-99	-99
20635	151.3722  1.1246	112.8058  1.9118	21.8708  0.2280	13.1873  1.8775	1.5956  0.7347	0.1260  0.0312	16.4526  2.6631	0.7842414	2	17639.1589476234	8	22492
12066	149.8651  67.6464	149.7895  255.6804	27.8849  57.7758	3.2095  184.5920	0.6608  72.5058	0.4245  29.8285	-15.1219  2209.3127	1.558002	0	35042.5763974607	8	22492
6792	185.7583  1002464.9375	127.9009  1115304.1250	30.9093  399627.1875	122.8142  110809416.0000	9.4777  2850153.2500	0.1587  52797.3047	-2.0729  1030943.4375	0.8438935	2	18980.8527150652	8	22492
19718	150.8823  631.4536	145.5039  194.7358	29.0737  169.6737	3.8634  6693.1631	0.0162  325.7099	0.7595  76.5692	-23.8436  21118.3047	0.7558362	2	17000.2676559599	8	22492
6946	-99 -99	-99 -99	-99 -99	-99 -99	-99 -99	-99 -99	-99 -99	-99	-9	-99	-99	-99
12048	154.8895  3515070.0000	155.3257  3577613.0000	35.4386  507640.7500	5.1955  2621709.7500	0.1605  270815.4688	0.7959  823727.6875	45.8438  115261984.0000	1.180901	2	26560.8326413908	8	22492
18993	-99 -99	-99 -99	-99 -99	-99 -99	-99 -99	-99 -99	-99 -99	-99	-9	-99	-99	-99
20269	166.0204  17715336.0000	168.8389  28077726.0000	34.2776  2036450.6250	9.9779  26959460.0000	0.0718  1306456.8750	0.4567  1111020.5000	-35.0897  87340440.0000	0.8639667	2	19432.339076693	8	22492
21024	151.2368  0.0000	165.5990  0.0000	29.4120  0.0000	9.365e-03  5.025e-10	5.7350  0.0000	0.0479  0.0000	53.0206  0.0000	1.710804	2	38479.396917573	8	22492
17532	127.2702  823.8629	86.5370  793.7835	30.4790  17811.1035	4.972e-03  3.332e+02	18.1050  311432.9688	0.2689  2243.9551	-37.8895  92370.0234	0.8933465	2	20093.1493468181	8	22492
9449	-99 -99	-99 -99	-99 -99	-99 -99	-99 -99	-99 -99	-99 -99	-99	-9	-99	-99	-99
8058	-99 -99	-99 -99	-99 -99	-99 -99	-99 -99	-99 -99	-99 -99	-99	-9	-99	-99	-99
19273	154.1315  21526.7773	153.0237  27057.8770	30.5076  43589.5078	29.9539  3702053.2500	10.2415  544659.8750	0.0500  2911.5103	39.1409  418430.4688	1.179431	2	26527.769850921	8	22492
12232	150.0440  0.0000	147.1703  0.0000	23.7521  0.0000	0.0117  0.0000	0.0929  0.0000	0.1098  0.0000	73.4001  0.0000	0.7757419	2	17447.9866957922	8	22492
19325	68.5593  20301813383168.0000	237.5125  43569997938688.0000	35.6824  4487385186304.0000	18.4044  18032084647936.0000	0.4299  233738272768.0000	0.4017  168362000384.0000	31.0267  6614904471552.0000	0.9313335	2	20947.5522467554	8	22492
20886	-99 -99	-99 -99	-99 -99	-99 -99	-99 -99	-99 -99	-99 -99	-99	-9	-99	-99	-99
20413	118.5765  0.0000	158.7301  0.0000	33.1894  0.0000	7.715e-03  1.935e-12	1.0273  0.0000	0.0500  0.0000	84.6261  0.0000	0.8552994	2	19237.3931050045	8	22492
6624	-99 -99	-99 -99	-99 -99	-99 -99	-99 -99	-99 -99	-99 -99	-99	-9	-99	-99	-99
19212	157.8697  183999.8906	153.9240  23846.2578	29.4380  15143.0635	1.8724  159194.8906	16.3804  967346.6250	0.0165  207.4404	82.2576  23891.8281	0.9128118	2	20530.9618195694	8	22492
19592	153.2147  1365.3715	151.8783  1969.5020	28.6686  2123.4475	10.3126  51944.1289	7.2340  15532.9404	0.1854  572.4592	25.6919  23633.8965	1.254251	2	28210.6130883222	8	22492
16102	118.6546  7.7443	185.4606  44.3786	18.1874  0.7752	75.8001  25.6853	0.2634  0.0999	0.4374  0.0638	26.0928  7.3642	0.7246071	2	16297.8615612769	8	22492
11763	-99 -99	-99 -99	-99 -99	-99 -99	-99 -99	-99 -99	-99 -99	-99	-9	-99	-99	-99
18821	164.7382  19648516.0000	164.0111  7478212.0000	33.3119  4495563.5000	38.9545  451638048.0000	4.1558  30206648.0000	0.0114  52766.1875	68.5755  9894245.0000	0.8966631	2	20167.7461289311	8	22492
13123	-99 -99	-99 -99	-99 -99	-99 -99	-99 -99	-99 -99	-99 -99	-99	-9	-99	-99	-99
19237	-99 -99	-99 -99	-99 -99	-99 -99	-99 -99	-99 -99	-99 -99	-99	-9	-99	-99	-99
9156	140.5736  1.0230	140.0988  1.3118	22.5997  0.1114	12.2225  1.8808	0.0691  0.2298	0.3371  0.0592	38.4963  5.1648	0.9562677	0	21508.3728537046	8	22492
19192	156.1938  933226.5000	156.4142  140045.2656	29.5757  13753380.0000	6.367e-03  1.028e+05	8.1144  7001110.5000	0.0500  1636715.5000	-78.6763  73841760.0000	0.9983581	2	22455.0708938603	8	22492
15710	50.0682  38.3476	237.3898  92.0579	17.0764  1.1489	252.5384  156.6330	0.7702  0.4504	0.4062  0.1017	28.9896  4.5856	0.7840891	2	17635.7314349044	8	22492
17102	141.4375  4.4666	143.7883  8.8853	23.9900  0.7553	14.3763  11.2879	0.3666  0.8720	0.1002  0.0859	27.2555  4.6210	0.917512	0	20636.680206754	8	22492
14075	-99 -99	-99 -99	-99 -99	-99 -99	-99 -99	-99 -99	-99 -99	-99	-9	-99	-99	-99
18939	152.6160  0.0000	162.1207  0.0000	30.8517  0.0000	4.315e-03  7.877e-13	2.0605  0.0000	0.0153  0.0000	-64.3436  0.0000	1.361842	2	30630.5404495468	8	22492
11237	153.2471  3606750.2500	156.2404  2976515.2500	31.2097  65126628.0000	1.000e-02  7.307e+05	7.7497  115944648.0000	0.0500  4467292.5000	-71.0513  319689024.0000	1.486782	2	33440.7069471673	8	22492
18060	252.1633  754239475286016.0000	264.3729  442961955389440.0000	27.2982  1073488286711808.0000	4.0274  3287356425633792.0000	16.8666  1322344597422080.0000	7.186e-04  7.894e+10	43.7017  2445754761216.0000	0.8586295	2	19312.2950430544	8	22492
20465	152.7802  9725.5801	153.7923  7195.0928	29.0541  30293.8242	2.1360  93920.2031	19.9905  1261449.5000	0.0143  782.5051	63.9321  31129.0410	1.06416	2	23935.075051475	8	22492
19443	149.9846  67.3776	149.9581  190.8148	27.9127  46.1239	3.1986  130.5339	0.7058  54.9667	0.4422  20.7318	-4.2217  2329.5759	0.900246	0	20248.3341771394	8	22492
19489	154.1639  95839.9844	155.9647  137651.0625	33.1597  33674.8125	4.4865  208804.8594	1.4634  128767.5312	0.3225  20548.1465	-0.5944  2097843.5000	0.962799	2	21655.2735195404	8	22492
15614	141.7392  541.1013	152.9252  271.1450	27.4487  55.4646	8.1082  365.9147	1.2062  117.1808	0.1129  9.9662	-63.2849  771.1511	3.313752	2	74532.9045638281	8	22492
13893	158.0279  148081.1250	157.8558  1049135.0000	30.2786  165702.2812	1.9477  529039.3750	19.6498  5564931.5000	0.0150  1954.7087	8.8644  212714.5312	1.000869	2	22511.5343850831	8	22492
15461	131.0731  0.4646	123.7473  0.5773	21.1171  3.1665	14.1567  143.2281	19.9993  95.2826	0.2676  0.2495	86.7718  11.8875	4.3807	2	98530.6999430173	8	22492
7339	160.9782  2678980.5000	162.4593  5948669.5000	31.2551  226197440.0000	3.309e-03  1.303e+06	12.2857  935286784.0000	0.1269  24033854.0000	54.3450  356576672.0000	1.074459	2	24166.7250556473	8	22492
19997	158.0754  0.0000	158.0082  0.0000	30.1431  0.0000	9.236e-03  2.452e-10	3.3326  0.0000	0.0438  0.0000	67.6472  0.0000	0.9528302	2	21431.056456442	8	22492
14530	133.6466  0.0199	102.1690  0.0205	16.0763  0.0060	3.7654  0.0681	5.0819  0.1739	0.9261  0.0135	48.1033  6.0482	2.08567	0	46910.8891250067	8	22492
7492	165.6868  329209.4375	148.3562  285601.4688	32.0617  367164.6875	18.4655  16628814.0000	9.3089  10872436.0000	0.0500  20209.7539	48.4834  3513564.0000	0.8728774	2	19632.7571681041	8	22492
20904	184.3390  15428130265104384.0000	208.4190  12984216564269056.0000	47.3590  1480003720052736.0000	29.5495  149242949530550272.0000	19.3068  21873076585103360.0000	0.0667  68209554227200.0000	50.2399  260794071646208.0000	0.8693317	2	19553.0096054814	8	22492
13377	-99 -99	-99 -99	-99 -99	-99 -99	-99 -99	-99 -99	-99 -99	-99	-9	-99	-99	-99
18880	146.4885  1534.3347	155.7662  784.2530	28.5130  228.6191	0.3485  1155.9790	6.0193  18600.9180	0.5743  856.5377	28.9075  84595.9062	0.9097261	2	20461.5590513108	8	22492
15249	-99 -99	-99 -99	-99 -99	-99 -99	-99 -99	-99 -99	-99 -99	-99	-9	-99	-99	-99
5934	150.4511  105.8113	150.3624  148.8860	28.0075  60.9504	2.6120  20100.7129	0.0484  1072.0485	0.3073  48.8990	23.7899  2894.1160	0.9368324	2	21071.2334041518	8	22492
19331	147.5268  28.4011	147.3351  59.9152	21.9215  1.1771	53.8295  49.0777	0.0937  0.1107	0.0615  0.0444	-25.2559  0.9889	0.8727443	2	19629.7653185383	8	22492
14169	150.2985  62.1755	149.2546  101.0559	27.8148  46.0700	2.5659  146.1284	0.2089  75.9287	0.0500  20.9178	-29.4378  994.6415	0.7663919	2	17237.6868899378	8	22492
20000	-99 -99	-99 -99	-99 -99	-99 -99	-99 -99	-99 -99	-99 -99	-99	-9	-99	-99	-99
11937	-99 -99	-99 -99	-99 -99	-99 -99	-99 -99	-99 -99	-99 -99	-99	-9	-99	-99	-99
13261	156.9617  0.8710	148.5214  0.9289	18.3575  0.1424	17.4393  2.3401	3.3119  0.3277	0.2183  0.0083	-39.1520  0.5606	0.6917462	2	15558.755022906	8	22492
11897	171.5783  5448811870683136.0000	189.1026  3668271437971456.0000	53.4020  241021384392704.0000	90.5706  24792713748545536.0000	5.9593  1539741212213248.0000	0.0500  1356055314432.0000	-56.4084  43198885920768.0000	0.8364446	2	18813.3105448978	8	22492
10086	155.5680  29962744.0000	151.9005  3177986.2500	30.0354  19975324.0000	4.616e-03  2.076e+05	2.7832  10852786.0000	0.0196  2424542.2500	-25.0849  67931024.0000	0.8097044	2	18211.8705565189	8	22492
19677	193.8704  16518.9102	106.3569  66182.6641	26.3207  2615.6882	65.3917  431091.0312	7.4028  43489.9023	0.0279  189.3567	-15.8919  16767.0605	0.862635	2	19402.3872398909	8	22492
10730	94.0733  66.4412	200.9604  107.4399	19.3098  1.8371	75.4580  86.6615	0.1526  0.1337	0.0995  0.0721	32.1021  1.4099	0.7769054	2	17474.1557142164	8	22492
14056	175.0423  1.0564	139.8815  0.5732	16.0660  0.1337	27.7908  10.1658	12.8996  4.2400	0.3239  0.0081	79.3589  1.2362	0.969404	1	21803.833999573	8	22492
13620	147.9666  0.0000	147.9963  0.0000	26.0038  0.0000	3.3913  0.0000	0.0786  0.0000	0.0101  0.0000	40.9596  0.0000	0.9571058	2	21527.2228364344	8	22492
12286	-99 -99	-99 -99	-99 -99	-99 -99	-99 -99	-99 -99	-99 -99	-99	-9	-99	-99	-99
20212	152.4579  636570.6875	152.8786  223163.9688	31.7137  75817.2734	37.9349  4976680.0000	2.6133  448911.0312	0.0241  1312.0682	69.6948  333943.4688	1.198606	2	26959.0465847112	8	22492
8310	148.3062  108.0402	148.1197  34.5708	24.3041  3964.0488	6.610e-03  7.071e+01	19.2895  43484.6445	0.0272  46.7177	28.5674  2321.8833	0.8268183	2	18596.7969924853	8	22492
8023	162.6585  3380721664.0000	158.4375  4836993024.0000	34.1681  194021736448.0000	3.030e-03  8.125e+08	2.4927  120883888128.0000	0.0167  7068302848.0000	-81.0308  77248692224.0000	1.063788	2	23926.7090336155	8	22492
10638	155.4977  0.0000	140.2916  0.0000	29.6080  0.0000	0.0100  0.0000	4.5413  0.0000	0.4054  0.0000	66.0211  0.0000	0.7308249	2	16437.7149122859	8	22492
19442	-99 -99	-99 -99	-99 -99	-99 -99	-99 -99	-99 -99	-99 -99	-99	-9	-99	-99	-99
14143	-99 -99	-99 -99	-99 -99	-99 -99	-99 -99	-99 -99	-99 -99	-99	-9	-99	-99	-99
11109	153.7410  84282000.0000	155.0680  18884594.0000	30.7771  5202725.5000	1.1899  42966668.0000	0.0116  10117065.0000	0.3572  33229082.0000	11.8963  669491712.0000	0.8770881	2	19727.4659702339	8	22492
20270	151.6889  0.0000	153.4938  0.0000	29.7501  0.0000	0.3729  0.0000	0.3058  0.0000	0.4292  0.0000	64.3145  0.0000	1.045443	2	23514.1041998621	8	22492
19056	148.4235  0.0000	200.8308  0.0000	33.7668  0.0000	8.074e-03  2.391e-20	2.3807  0.0000	0.1044  0.0000	1.3790  0.0000	0.8361285	2	18806.2014031067	8	22492
11668	145.3827  0.0569	131.3813  0.0261	19.9397  0.1950	219.6188  0.0019	0.0573  0.2688	0.0146  0.0026	-24.6293  0.0838	0.769227	2	17301.4546717836	8	22492
12297	118.1782  12.8811	180.5231  13.1457	18.7363  930.4363	104.2053  44650.0820	0.0450  0.0074	0.7743  0.0659	-42.8449  18.6220	0.7467106	1	16795.0150612712	8	22492
11936	-99 -99	-99 -99	-99 -99	-99 -99	-99 -99	-99 -99	-99 -99	-99	-9	-99	-99	-99
20438	155.8596  15706.2061	156.3175  13415.5869	29.7679  3580.1204	3.9717  11063.3486	1.4113  6915.3203	0.8080  2017.0135	-84.3298  949713.1250	1.17808	2	26497.3720935936	8	22492
21022	150.0119  56.6983	149.8220  166.2129	27.9164  36.1481	3.3556  121.1878	0.6459  44.2195	0.4488  17.9036	-5.7043  1845.3409	0.9260579	2	20828.8942924586	8	22492
21180	147.1966  46.4403	140.4803  92.2015	23.5180  4101.7661	7.449e-03  7.115e+01	17.5443  41370.0469	9.256e-03  2.102e+01	27.7503  613.2376	0.926758	2	20844.641082228	8	22492
13675	147.6153  37.1030	148.2260  68.7039	24.3489  5.2253	14.2500  58.1096	0.0609  0.5087	0.2451  0.7482	-27.2897  20.9608	0.8315075	0	18702.2670718331	8	22492
18186	150.2083  80.2064	150.0244  238.3841	27.9744  52.2246	3.3461  177.6947	0.5909  65.3195	0.4033  23.7519	1.7547  2941.6753	1.158283	2	26052.0907640503	8	22492
10530	156.5944  6414.9824	158.1800  8037.1328	30.0289  2251.5508	1.1920  98587.0000	0.1846  202983.8750	0.6746  21061.2480	28.0545  3007194.2500	1.104657	2	24845.9462984766	8	22492
16999	-99 -99	-99 -99	-99 -99	-99 -99	-99 -99	-99 -99	-99 -99	-99	-9	-99	-99	-99
20089	164.9998  1336.5667	128.0685  885.8508	27.8040  226.1481	1.9332  114385.6641	0.0481  7811.1167	0.8837  1743.8317	26.7186  449053.8750	0.953034	2	21435.6411923396	8	22492
16401	-99 -99	-99 -99	-99 -99	-99 -99	-99 -99	-99 -99	-99 -99	-99	-9	-99	-99	-99
17296	-99 -99	-99 -99	-99 -99	-99 -99	-99 -99	-99 -99	-99 -99	-99	-9	-99	-99	-99
11794	154.0070  8049362.0000	155.2383  4591686.0000	37.4758  2238632.5000	1.0421  15091746.0000	8.5869  111646448.0000	0.5046  6097524.0000	35.1558  263685712.0000	0.9358994	2	21050.2492564014	8	22492
7504	-99 -99	-99 -99	-99 -99	-99 -99	-99 -99	-99 -99	-99 -99	-99	-9	-99	-99	-99
7663	153.6415  158370349056.0000	161.9385  290720448512.0000	30.0917  19201968.0000	0.1249  25519519744.0000	0.1185  2989686272.0000	0.2283  9477004288.0000	-23.7897  14414560362496.0000	0.9083048	2	20429.590632224	8	22492
6479	155.5876  181121456.0000	171.9826  620216512.0000	32.0072  2177519104.0000	1.528e-03  1.032e+07	9.4619  14542665728.0000	0.0424  163430368.0000	13.6825  4686594560.0000	0.8700631	2	19569.4595330298	8	22492
21187	172.8670  225836112.0000	189.8338  1254280704.0000	35.1140  78492880.0000	16.4147  672538304.0000	0.6457  27908876.0000	0.0202  1598022.2500	-9.4712  108450416.0000	0.8576171	2	19289.5235851261	8	22492
19261	107.0501  0.0000	83.7331  0.0000	28.5669  0.0000	1.9306  0.0000	0.1384  0.0000	0.0417  0.0000	38.6669  0.0000	0.8077163	2	18167.1534910944	8	22492
19630	50.0000  80591941720074092544.0000	214.4183  78634274460958457856.0000	59.3142  7674634042829963264.0000	83.6423  1456883235731940573184.0000	17.2430  163166470030795735040.0000	0.0500  68383941005934592.0000	-47.9165  4246320228662771712.0000	1.289405	2	29001.2981361144	8	22492
13344	150.8507  0.0423	106.7970  0.0290	16.5808  0.0074	7.7914  0.2501	8.5688  0.3027	0.6435  0.0081	53.0818  0.9696	0.5856199	2	13171.7639995482	8	22492
15547	125.9746  0.1057	151.0023  0.3144	18.9546  0.0541	5.6304  0.2224	1.7450  0.0859	0.8576  0.0299	-61.2338  11.3619	0.7299312	2	16417.6132486322	8	22492
19642	156.9400  1820805.1250	157.0165  2503004.5000	29.6281  2596631.5000	7.122e-03  7.144e+04	10.1107  22751906.0000	0.0360  150315.6094	-33.2551  2969583.2500	0.9981591	2	22450.5927449021	8	22492
7258	164.3119  6390560.0000	161.8464  1225006.5000	30.7503  46777972.0000	5.281e-03  5.500e+05	15.9147  299858080.0000	0.0500  1681545.0000	-7.0204  96431936.0000	2.016073	2	45345.5170431349	8	22492
9583	153.2176  77.2545	140.1906  38.3259	26.1322  9.8356	6.9846  135.2122	3.4410  84.5986	0.0922  2.6544	-63.0588  169.0794	0.7717324	2	17357.8061124958	8	22492
12448	-99 -99	-99 -99	-99 -99	-99 -99	-99 -99	-99 -99	-99 -99	-99	-9	-99	-99	-99
20324	-99 -99	-99 -99	-99 -99	-99 -99	-99 -99	-99 -99	-99 -99	-99	-9	-99	-99	-99
15491	148.3488  165870.5469	138.4126  27756.5762	28.2996  29293.8574	0.0122  175.2748	0.4613  224843.4844	0.1197  2868.2039	-48.7955  224417.9844	2.888233	2	64962.1353432522	8	22492
13202	267.2220  94.0829	91.4911  15.0387	17.4194  0.5274	206.5064  57.2953	0.3694  0.0425	0.2311  0.0544	80.0863  1.1240	0.6494472	2	14607.3662486365	8	22492
14112	61.1846  16.6427	286.4503  86.3907	16.5600  1.0195	114.1125  44.6628	0.3353  0.0843	0.4021  0.0953	13.7359  2.0250	0.7183484	2	16157.0913633778	8	22492
11685	157.1634  0.0000	160.9147  0.0000	30.1466  0.0000	7.773e-03  2.083e-10	2.4616  0.0000	0.0987  0.0000	83.0237  0.0000	0.8452603	2	19011.593639472	8	22492
6989	148.9334  13.3285	148.5505  3.8975	24.7203  2.3454	4.3857  124.6546	0.0339  2.9943	0.5702  1.2238	64.5944  150.6833	0.8199631	2	18442.6096106989	8	22492
7002	154.0156  945.9954	122.4169  4729.7231	28.9559  5910.7383	72.9691  1538727.8750	19.9872  162989.0156	0.0421  71.5258	7.7513  7544.0610	1.047776	2	23566.5887669073	8	22492
11764	-99 -99	-99 -99	-99 -99	-99 -99	-99 -99	-99 -99	-99 -99	-99	-9	-99	-99	-99
11800	160.7462  294700096.0000	162.3380  212824896.0000	37.7626  20530528.0000	8.8062  82512984.0000	0.0745  12340617.0000	0.8287  23295552.0000	72.1174  5907529216.0000	0.7963434	2	17911.3554738328	8	22492
10388	97.5678  6.3528	349.8635  8.1312	18.2840  992.0718	246.0943  112432.1328	0.0539  0.0075	0.1955  0.0060	1.2965  1.3215	0.8960706	2	20154.4200776868	8	22492
13619	-99 -99	-99 -99	-99 -99	-99 -99	-99 -99	-99 -99	-99 -99	-99	-9	-99	-99	-99
11948	137.9576  0.6015	151.0254  1.7012	19.2351  0.1107	14.8267  0.7177	0.7592  0.0672	0.3273  0.0195	27.0546  1.9209	0.7385552	2	16611.5836358046	8	22492
19098	113.4645  2979339.5000	149.3809  4249508.5000	39.4339  7198673.0000	84.0226  1558585600.0000	10.3923  65578052.0000	0.0654  215360.8438	-39.7623  17557064.0000	0.8041822	2	18087.6663870634	8	22492
16780	147.4423  6.7210	147.8190  4.5450	26.8990  4.2262	2.9317  17.4460	0.6960  20.4345	0.5389  4.1402	59.6046  445.9523	1.050951	0	23637.9808847665	8	22492
9536	145.1697  0.0000	148.9294  0.0000	25.9841  0.0000	0.0121  0.0000	0.6342  0.0000	0.0774  0.0000	18.8806  0.0000	0.7756743	2	17446.4660297815	8	22492
17615	145.2940  249.5669	149.3553  495.5369	24.9955  12987.6123	9.463e-03  1.162e+01	0.6728  7198.8301	0.0479  152.3385	-54.6871  13353.6406	1.344352	2	30237.1639140219	8	22492
18813	-99 -99	-99 -99	-99 -99	-99 -99	-99 -99	-99 -99	-99 -99	-99	-9	-99	-99	-99
15183	153.6692  1348453531648.0000	201.7346  751493251072.0000	33.1372  10175310200832.0000	1.000e-02  6.124e+10	8.2909  6044678356992.0000	0.1362  26455756800.0000	-61.9943  1516186894336.0000	0.7387937	2	16616.9489182387	8	22492
11292	151.7982  6520.8296	152.3000  517.6536	28.4722  260.8319	29.3555  27429.2598	7.9189  6808.4390	6.751e-03  2.027e+00	-85.3872  218.7100	2.60062	2	58493.136310121	8	22492
10538	148.0014  35.5422	150.4063  83.6738	27.0555  161.4182	1.8262  210.3827	14.5539  6255.2339	0.0500  11.8178	26.3732  503.3919	0.7105531	2	15981.7592446925	8	22492
20306	152.2430  0.0000	151.5665  0.0000	29.9098  0.0000	8.191e-03  7.154e-11	0.4876  0.0000	0.0421  0.0000	55.0799  0.0000	0.9440033	2	21232.5213729399	8	22492
12737	138.2830  0.0495	120.2154  0.0547	18.4788  0.1417	24.2006  12.1801	19.9574  4.3078	0.5258  0.0210	67.5294  1.6631	0.6670367	2	15002.9891248329	8	22492
20427	157.3428  27375.3730	161.4330  36695.7578	30.3359  12708.7354	3.8466  63909.9570	3.3734  38315.2461	0.5928  5675.3677	6.4732  1218778.0000	1.065348	2	23961.8167198754	8	22492
20948	115.1304  10459865.0000	240.0585  31463804.0000	30.3046  263446.4375	254.3742  21395752.0000	1.2411  129092.1719	0.1616  19177.5859	19.3897  520358.5000	0.9058332	2	20374.0013958698	8	22492
10903	149.6224  4075174.2500	177.9387  18751318.0000	32.4915  41707468.0000	9.067e-03  1.156e+06	18.1185  495877056.0000	0.1912  2897074.2500	-79.0047  346365088.0000	0.8348809	2	18778.1410343295	8	22492
10220	149.7491  135.4122	150.0123  241.4459	27.9353  62.5308	3.6556  166.0966	0.7077  60.9410	0.5669  27.2612	-27.8801  2957.6787	0.7819834	2	17588.3695352516	8	22492
20657	127.7029  0.1059	142.1698  0.1668	18.4998  0.7095	956.8359  1976.3102	19.8067  7.9332	0.2374  0.0136	-22.4135  0.7307	0.7188523	2	16168.427218203	8	22492
12253	162.7201  46567.2148	162.5020  61029.4570	30.4008  5046.9893	4.6258  109410.0078	0.1613  26210.4453	0.7563  17626.6973	-23.3411  3750532.5000	0.8596119	2	19334.3912612478	8	22492
20572	146.0203  2.3242	142.8352  0.6921	24.5256  0.3683	4.5031  2.4294	0.0823  0.9341	0.4197  0.2561	-71.8687  21.7252	0.80922	0	18200.9763211853	8	22492
7521	162.2784  9000350.0000	170.8691  11472932.0000	34.9062  1799679.3750	4.0709  11287684.0000	7.1770  23380400.0000	0.3776  272669.5000	-17.1616  38565700.0000	1.118598	2	25159.5036836414	8	22492
14400	207.9657  130.1507	377.8578  177.8943	12.2002  1.1629	945.5546  1722.0748	2.5812  3.0123	0.2943  0.0531	-52.2826  4.1517	0.2847996	1	6405.71299647926	8	22492
18579	148.3319  72.6507	148.1965  60.6887	27.3606  21.8942	3.3762  104.4610	0.5084  60.5232	0.2097  25.1346	-49.2063  1213.5206	1.06328	0	23915.2866585945	8	22492
13813	139.9748  244554.7031	161.9360  674570.3750	32.2190  1533132.0000	1.4416  997089.8125	1.0212  1325187.8750	0.0500  548511.1875	13.0027  32748210.0000	3.175054	2	71413.3212754415	8	22492
12073	133.3035  4878360576.0000	148.2898  9414372352.0000	45.8551  93544292352.0000	1.000e-02  2.748e+09	12.6522  884042432512.0000	0.0500  2983914240.0000	-24.5487  153105678336.0000	0.788569	2	17736.4947058566	8	22492
20860	150.6729  576.1895	153.1469  687.9493	29.1705  92.9245	0.4633  4454.4062	2.3245  46940.2344	0.2658  1000.1489	55.3889  79840.8672	0.8464797	2	19039.0222806188	8	22492
12682	148.8745  635.4111	138.4305  326.0998	25.5137  3044.2319	8.148e-03  5.175e+01	2.0657  43.7229	0.0574  303.8948	-72.6221  3560.9207	0.8787323	2	19764.447680671	8	22492
14379	151.2312  27403.1016	159.4232  35941.1094	30.5157  5098.7842	0.7585  49926.6562	4.6482  824157.8750	0.2014  27920.6074	44.3845  2553257.0000	3.504469	2	78822.5244592737	8	22492
14754	139.8643  0.9998	134.1391  2.4981	25.3892  6.4675	4.4157  2.6528	0.0822  2.8168	0.0601  1.5139	-30.9680  28.0186	0.7919183	2	17811.8276279002	8	22492
13806	99.0014  172.9873	207.5702  204.7185	16.4731  2.3715	467.4081  1224.3586	0.7391  0.9874	0.3285  0.5208	-70.0389  13.5869	0.8156862	2	18346.4132789112	8	22492
10268	-99 -99	-99 -99	-99 -99	-99 -99	-99 -99	-99 -99	-99 -99	-99	-9	-99	-99	-99
14137	139.5480  0.0361	150.1390  0.0618	17.4786  0.0122	2.4820  0.0976	6.0362  0.3937	0.6628  0.0182	48.6144  2.7320	0.6931964	2	15591.3738225835	8	22492
14911	-99 -99	-99 -99	-99 -99	-99 -99	-99 -99	-99 -99	-99 -99	-99	-9	-99	-99	-99
12903	152.9439  26.3392	163.4355  61.9790	20.8137  2.2180	32.1711  45.3019	0.1992  0.2631	0.1465  0.1323	-22.4873  3.1425	1.473395	2	33139.5915373785	8	22492
12414	-99 -99	-99 -99	-99 -99	-99 -99	-99 -99	-99 -99	-99 -99	-99	-9	-99	-99	-99
12194	197.8674  1.2368	120.8904  0.8956	15.8791  0.2467	11.7176  7.3130	18.3766  4.9083	0.1139  0.0042	73.8420  0.5290	0.6708482	2	15088.7171087706	8	22492
8017	-99 -99	-99 -99	-99 -99	-99 -99	-99 -99	-99 -99	-99 -99	-99	-9	-99	-99	-99
8025	159.4210  34959.8945	161.8615  460618.1875	31.4480  43049.5234	7.0051  448790.8438	3.1853  294347.5625	0.0136  1252.5743	-2.2920  99389.3672	1.007785	2	22667.0944323913	8	22492
6941	138.3158  793253314560.0000	171.8730  8071621902336.0000	45.8629  54196774633472.0000	1.000e-02  7.395e+11	12.3916  136504974245888.0000	0.0500  280892932096.0000	-40.0824  9108026556416.0000	0.8693131	2	19552.5897067357	8	22492
19715	180.8397  1933105.2500	156.3217  13837451.0000	32.2876  1730453.1250	1.1233  3516900.0000	1.5447  6973191.0000	0.0500  5241392.5000	-88.0350  464152352.0000	1.515075	2	34077.0732966619	8	22492
12646	-99 -99	-99 -99	-99 -99	-99 -99	-99 -99	-99 -99	-99 -99	-99	-9	-99	-99	-99
9741	113.2511  1071.7274	144.0128  4973.4683	27.7945  261.7802	21.3114  12272.3496	0.0377  57.2104	0.9849  110.4847	-30.7502  516983.3125	1.816222	2	40850.4564564955	8	22492
9401	121.3188  45.3802	174.2959  80.3775	20.3407  2.3633	43.0610  58.2856	0.2918  0.2798	0.1052  0.1053	29.9407  2.7743	0.9525822	2	21425.4788535699	8	22492
19547	159.0980  6484.9785	150.2359  96184.4922	30.5478  10747.2051	13.2777  208973.7969	0.5845  24934.2090	0.0106  115.7862	4.1360  13384.9600	0.8527449	2	19179.9392106037	8	22492
11596	-99 -99	-99 -99	-99 -99	-99 -99	-99 -99	-99 -99	-99 -99	-99	-9	-99	-99	-99
13474	-99 -99	-99 -99	-99 -99	-99 -99	-99 -99	-99 -99	-99 -99	-99	-9	-99	-99	-99
17291	151.0925  819.1230	151.5239  2046.6578	28.4086  363.3100	4.1076  929.0052	0.1386  64.9991	0.5946  166.1362	14.5682  22234.3203	0.8639463	2	19431.881248727	8	22492
11273	-99 -99	-99 -99	-99 -99	-99 -99	-99 -99	-99 -99	-99 -99	-99	-9	-99	-99	-99
17959	-99 -99	-99 -99	-99 -99	-99 -99	-99 -99	-99 -99	-99 -99	-99	-9	-99	-99	-99
12105	154.5996  16346.2988	156.8995  19980.8340	30.0093  2064.5684	3.2607  29692.8379	0.1974  9894.1738	0.7749  9153.1133	73.1936  1396766.7500	1.267906	2	28517.7423185037	8	22492
20100	146.0303  67.8798	144.1931  88.5959	29.2837  480.7591	25.8808  34040.2266	11.9562  5853.1743	0.2955  48.5428	-42.5115  3041.0374	0.8370761	2	18827.515175843	8	22492
9746	163.4467  69.2477	178.4844  169.5281	21.5503  1.5967	117.3035  126.5903	0.1725  0.1726	0.0360  0.0270	-22.1427  0.6137	0.78319	2	17615.5088824052	8	22492
7981	-99 -99	-99 -99	-99 -99	-99 -99	-99 -99	-99 -99	-99 -99	-99	-9	-99	-99	-99
20292	149.9464  111779315712.0000	150.7294  414802608128.0000	47.3536  126836719616.0000	151.1635  23640651333632.0000	4.0761  116415242240.0000	0.0500  5790838272.0000	16.2322  277299101696.0000	0.8323402	2	18720.9967142026	8	22492
19965	-99 -99	-99 -99	-99 -99	-99 -99	-99 -99	-99 -99	-99 -99	-99	-9	-99	-99	-99
17088	37.9578  9.6613	208.6864  13.8334	15.2206  1.0650	348.4457  212.5637	19.7058  35.9975	0.0276  0.0017	34.9513  0.0834	0.5861412	2	13183.4891800577	8	22492
10949	153.4284  35.8209	154.6067  19.4064	21.3671  2.4599	19.0399  22.5131	0.3580  0.4045	0.2697  0.1904	-67.2343  9.4890	0.7767088	2	17469.7342190916	8	22492
5929	149.1792  107.3498	149.0168  192.1587	27.6548  50.9021	3.3175  185.5102	0.4619  57.6017	0.3689  22.6263	-28.4454  1898.1405	1.059379	0	23827.5565661114	8	22492
15567	176.7232  477638656.0000	119.9705  14537.3320	23.7807  19719.1270	0.7288  9035307.0000	0.2478  27411.1543	0.2036  521343072.0000	-9.1549  3749787648.0000	1.795415	2	40382.4680053002	8	22492
16624	148.7928  53.7677	145.4540  28.1398	25.2724  11.4014	5.8928  14.5474	0.1257  2.7761	0.6503  6.3531	12.8105  428.6129	3.193601	0	71830.4787056476	8	22492
13735	94.2632  0.0178	140.0527  0.0436	17.3938  0.0065	7.4745  0.0688	1.1906  0.0249	0.1792  0.0036	-3.4342  0.2051	0.69884	0	15718.3092748421	8	22492
15306	-99 -99	-99 -99	-99 -99	-99 -99	-99 -99	-99 -99	-99 -99	-99	-9	-99	-99	-99
18254	210.7654  315472735234949120.0000	218.5518  308317938195103744.0000	49.8852  63590246402490368.0000	39.0095  5650301194699014144.0000	15.0460  952890790139396096.0000	0.5293  635505372823552.0000	69.5051  26376686949892096.0000	1.735305	2	39030.472797748	8	22492
16992	-99 -99	-99 -99	-99 -99	-99 -99	-99 -99	-99 -99	-99 -99	-99	-9	-99	-99	-99
15727	132.4505  0.5653	121.5094  0.6587	22.6185  1.3176	3.1239  10.7900	19.9406  68.2318	0.0695  0.2000	69.7517  9.9499	0.8974593	2	20185.6537256156	8	22492
18368	262.9423  76.9548	19.9438  7.6339	14.1211  2.3956	58.8312  15.1878	1.1889  0.2750	0.6751  0.0547	-70.9410  15.4108	0.8659776	2	19477.5676737164	8	22492
19526	-99 -99	-99 -99	-99 -99	-99 -99	-99 -99	-99 -99	-99 -99	-99	-9	-99	-99	-99
11220	-99 -99	-99 -99	-99 -99	-99 -99	-99 -99	-99 -99	-99 -99	-99	-9	-99	-99	-99
19374	141.2301  0.0293	134.5208  0.0319	17.4192  0.0165	11.5764  0.5109	5.8023  0.1932	0.5724  0.0104	43.4090  0.9202	0.7333691	0	16494.9378700072	8	22492
13803	179.5245  4.4826	54.8161  0.9416	16.6933  0.8602	191.2950  302.2762	6.7453  6.0078	0.4575  0.0159	75.2395  1.1492	0.6237271	2	14028.869429967	8	22492
13726	74.0357  18.2067	150.0067  7.6880	17.1955  0.8405	355.6174  237.5494	0.8332  0.1837	0.2708  0.0995	80.7855  1.9812	0.7400267	2	16644.6804531912	8	22492
19991	148.3969  101.4263	147.1243  72.0900	27.3085  86.3409	3.5391  457.1864	0.9806  415.1764	0.3301  54.5065	48.3619  3900.3979	1.874259	0	42155.8429931554	8	22492
20534	-99 -99	-99 -99	-99 -99	-99 -99	-99 -99	-99 -99	-99 -99	-99	-9	-99	-99	-99
19022	159.6705  32258.5039	157.8022  57497.5000	30.6836  6604.1455	3.8974  70664.7422	0.0601  26485.9902	0.3008  9559.5127	-32.4009  805119.8750	0.9522495	2	21417.9957210394	8	22492
12337	-99 -99	-99 -99	-99 -99	-99 -99	-99 -99	-99 -99	-99 -99	-99	-9	-99	-99	-99
19890	150.0091  177.4066	151.3049  187.2629	27.8960  275.4338	0.7910  1280.8801	1.2989  9430.3252	0.1372  1160.0398	55.8295  16811.1406	3.883547	2	87348.7475561495	8	22492
20456	143.8408  0.6906	146.2128  0.9371	23.2410  0.5024	8.3350  6.9635	2.7056  2.4106	0.5893  0.2695	3.3966  31.6958	1.016219	0	22856.8079432619	8	22492
16025	146.0003  0.0276	143.5143  0.0282	17.7054  0.0082	1.9323  0.0743	5.4222  0.3145	0.8164  0.0216	61.2119  5.4213	0.7988135	0	17966.9132515868	8	22492
13915	55.3959  0.0792	156.2100  0.3423	17.1535  0.0339	8.6543  0.1995	0.8909  0.0309	0.1617  0.0054	-3.4109  0.3963	0.7429464	2	16710.3515811134	8	22492
11712	99.8323  0.0000	149.4010  0.0000	34.0559  0.0000	6.918e-03  1.522e-10	4.3463  0.0000	0.0228  0.0000	10.7272  0.0000	0.9603275	2	21599.6865809999	8	22492
18908	151.8961  6184.5581	157.4504  5475.6030	29.5629  1076.2511	2.9103  14501.9189	1.7584  17060.9531	0.4530  2324.9980	56.0785  308994.9375	0.947267	2	21305.9297439993	8	22492
16718	-99 -99	-99 -99	-99 -99	-99 -99	-99 -99	-99 -99	-99 -99	-99	-9	-99	-99	-99
19483	169.4445  1871813.0000	175.1635  4750008.0000	33.0326  3916758.7500	3.6158  4074114.5000	0.5015  2739429.5000	0.0562  1878760.3750	-6.5599  38981444.0000	1.014216	2	22811.7481695378	8	22492
18188	148.7710  0.7537	109.4260  0.4438	21.5146  0.1095	6.6945  0.7429	1.3433  0.3616	0.5295  0.0725	52.1061  9.4426	1.255583	0	28240.5808603582	8	22492
19391	150.5207  111.3866	260.4303  268.0505	19.0611  5.6685	91.5692  121.1512	1.4278  2.1845	0.1402  0.1156	-23.1272  2.5657	0.8286333	2	18637.6207963055	8	22492
13063	145.3326  374.8177	143.2809  2485.6589	25.4337  2548.8586	0.8261  7487.5576	0.6637  95250.3047	0.0236  3682.2319	-42.5873  70734.7344	1.013897	2	22804.5640516272	8	22492
14557	140.7144  2.9429	141.5611  0.8801	24.4540  0.2662	8.2370  3.2693	0.0598  0.6779	0.2718  0.1323	-73.0161  12.1563	1.372028	0	30859.6595106095	8	22492
12362	156.8524  6082.9355	155.2082  5959.2236	29.7507  4587.5591	1.2309  42820.7305	0.3617  141318.4062	0.1411  34585.1484	35.2686  1095647.1250	2.657408	2	59770.433765683	8	22492
13131	149.8458  0.3235	126.3768  0.1406	18.1483  0.0524	37.5743  4.6484	4.2962  0.2897	0.4730  0.0108	55.8842  1.2804	0.7056653	0	15871.8235689562	8	22492
18467	149.8547  51.4814	149.8055  175.5322	27.8716  40.3010	3.2143  128.1691	0.6677  49.5143	0.4149  18.7543	-10.4363  1696.3778	0.9430634	0	21211.3813648107	8	22492
16167	155.5783  7249.8311	151.6565  17101.6152	29.7228  12944.3799	21.1203  740935.6875	13.4177  237895.5625	0.0476  849.7334	15.1993  60206.8086	0.8350983	2	18783.0298407435	8	22492
9667	164.7621  1548338.6250	163.3732  1695887.3750	32.8480  149577.2969	7.0721  1839230.3750	0.1164  520880.2188	0.5524  357671.5312	32.6079  26705086.0000	1.000859	2	22511.31550745	8	22492
12428	152.6838  9563.0410	147.7515  3352.9150	29.5436  68463.7344	0.0105  1741.2728	19.6323  556133.0000	0.0460  1298.9821	-88.7326  44963.7031	0.9894874	2	22255.5512244206	8	22492
18441	-99 -99	-99 -99	-99 -99	-99 -99	-99 -99	-99 -99	-99 -99	-99	-9	-99	-99	-99
11999	149.3788  668888.3125	156.8602  355994.4062	34.9828  159924.7188	4.1149  589565.8125	1.7557  478292.5625	0.2571  45814.1562	-68.7066  4822337.5000	0.9096738	2	20460.3831027626	8	22492
12715	-99 -99	-99 -99	-99 -99	-99 -99	-99 -99	-99 -99	-99 -99	-99	-9	-99	-99	-99
10839	174.6456  11860601856.0000	103.6919  45322772480.0000	41.7013  80842096640.0000	1.000e-02  1.818e+09	13.1793  447558516736.0000	0.0566  2782360320.0000	-79.0641  133682880512.0000	0.9749141	2	21927.7682327199	8	22492
17789	132.3310  0.0430	144.2911  0.0367	18.6111  0.0100	4.6542  0.0873	1.8091  0.0727	0.6771  0.0159	-65.9176  1.9370	0.6512724	0	14648.419374549	8	22492
11040	159.7442  303995.9688	167.3388  370134.5312	31.9912  556699.5625	4.9041  6262278.0000	8.2134  8395956.0000	0.0500  35525.1016	5.3014  3602300.7500	1.057526	2	23785.8831233243	8	22492
21041	346.8054  371.1136	301.5821  342.1722	17.1568  1.7149	320.8488  350.0358	0.0767  0.0771	0.2803  0.1736	-45.5347  4.7441	0.8875222	2	19962.1491808952	8	22492
21098	-99 -99	-99 -99	-99 -99	-99 -99	-99 -99	-99 -99	-99 -99	-99	-9	-99	-99	-99
19509	131.0067  234.2933	144.4839  676.9854	28.9324  11621.3535	4.907e-03  1.553e+02	17.7163  121852.3828	0.0864  992.6167	71.1427  31027.5938	0.9795877	2	22032.8872658407	8	22492
20200	157.8396  116927104.0000	155.4822  221604144.0000	39.0339  73354690560.0000	10.7839  364292669440.0000	0.0211  7310605.0000	0.0500  2801297.7500	23.2171  405206112.0000	0.8416639	2	18930.7039722344	8	22492
12690	-99 -99	-99 -99	-99 -99	-99 -99	-99 -99	-99 -99	-99 -99	-99	-9	-99	-99	-99
13955	81.5544  0.1195	143.0264  0.1124	18.1640  0.6994	723.7598  1419.2999	19.0304  7.0927	0.6658  0.0317	-78.4815  3.5522	0.7441459	2	16737.3305599448	8	22492
19405	179.6146  35.6266	134.6054  4.5299	18.1938  1.2386	33.0121  22.9098	0.1966  0.1125	0.6973  0.2748	-88.0294  9.5153	0.7991916	2	17975.4170925373	8	22492
10625	140.0467  4.2806	132.3616  13.9608	22.4270  29.3519	0.0532  3.5975	17.4505  279.8694	0.0343  0.8259	-44.8617  49.2017	0.9600675	2	21593.8387504557	8	22492
19889	155.8831  0.0000	153.2777  0.0000	45.3925  0.0000	1.000e-02  9.735e-16	1.2120  0.0000	0.0500  0.0000	-43.1952  0.0000	0.9092832	2	20451.5982507661	8	22492
15276	184.5555  612.1234	167.8341  496.7558	15.7264  1.9029	539.4832  1922.1008	0.7157  1.9276	0.3193  1.0702	50.1344  8.1677	0.7672101	2	17256.0890296686	8	22492
19540	157.8023  92090.4688	155.2393  675523.5000	29.9440  2237576.5000	4.532e-03  2.103e+04	12.8571  12270332.0000	0.0500  162026.4375	-81.8274  7052903.0000	0.9064806	2	20388.5614482048	8	22492
12811	143.1543  2814391091200.0000	196.2776  9468453584896.0000	43.7491  25517040336896.0000	1.000e-02  4.196e+11	10.0751  73182509793280.0000	0.0500  403697401856.0000	-22.1971  24831028363264.0000	0.7546941	2	16974.5791605442	8	22492
20968	101.7805  3.2154	170.8553  23.9052	20.3536  0.2827	92.6998  10.5773	0.0511  0.0172	0.3818  0.0501	-5.0521  2.8488	0.9013816	2	20273.8738548082	8	22492
16268	-99 -99	-99 -99	-99 -99	-99 -99	-99 -99	-99 -99	-99 -99	-99	-9	-99	-99	-99
13628	145.3367  39.3949	146.0308  1.4949	26.1905  5.8874	1.0565  7.8383	2.5377  77.3374	0.0466  3.8259	-47.8286  386.6665	0.8179391	2	18397.0860093798	8	22492
20829	142.3988  3124.9995	167.2352  8259.6689	26.0389  63088.7773	0.0108  1243.3325	18.6412  291944.0625	0.0207  96.8249	-11.4814  3231.9172	0.8189495	2	18419.8111072489	8	22492
19627	49.9255  661.1533	54.1435  165.7373	29.2169  215.5212	3.6890  1724.8678	19.9701  19025.9766	0.0206  4.8814	75.9109  767.4946	0.8772242	2	19730.5267221856	8	22492
18650	153.4617  22041.1230	153.2518  12298.2881	29.7145  2538.3315	6.5331  19169.5039	0.0571  1042.4089	0.2906  819.8608	88.7240  97614.9219	1.232012	2	27710.410286397	8	22492
18261	164.3809  0.0000	147.3419  0.0000	30.0850  0.0000	2.528e-03  1.797e-11	2.5231  0.0000	0.0500  0.0000	-86.0742  0.0000	4.230293	2	95147.7475218394	8	22492
10212	194.1678  0.0000	107.3779  0.0000	44.7853  0.0000	1.000e-02  8.526e-18	1.2660  0.0000	0.0913  0.0000	89.9912  0.0000	0.7628917	2	17158.9608096685	8	22492
11588	126.6767  9406521.0000	176.9240  65037944.0000	31.3669  578172288.0000	0.0102  12010235.0000	7.5346  2730912512.0000	0.1504  338835168.0000	-69.4284  7817383424.0000	1.558906	2	35062.9243401562	8	22492
