# ID	x	x_err	y	y_err	mag	mag_err	re	re_err	n	n_err	q	q_err	theta	theta_err	chi	flag	chi2	nfree	ndegrees_freedom
7663	145.9234  11710.3311	143.3306  16538.9883	24.5584  10254.1260	1.9743  22567.2363	0.6398  38112.0273	0.0818  3291.5320	34.8958  250422.3281	69.15206	2	1555368.10203648	8	22492
9746	145.7735  7361.9175	143.9260  11178.1934	24.4995  12906.9814	1.6735  36897.9219	1.4288  118543.3281	0.0736  3584.4697	26.4859  391600.6875	66.59698	2	1497899.39086437	8	22492
9923	147.2386  0.7031	142.9556  0.8366	15.8640  0.3696	2.2309  1.1037	0.2582  2.3977	0.0430  0.1759	38.7997  10.5324	1.172895	2	26380.7561599396	8	22492
11948	146.7746  22526.5840	144.3679  17459.4355	24.8958  17595.5449	2.0112  43641.4766	0.1987  52405.0664	0.0737  9915.6211	-81.8853  1008491.8125	21.42149	2	481812.148468971	8	22492
7504	145.8295  714.1308	145.4637  351.6045	22.4992  14604.2344	3.0514  27440.1426	8.7164  278769.7812	0.0512  241.3810	62.0851  17717.9453	1.006328	2	22634.336223672	8	22492
18650	145.6586  11451.9092	143.1041  14185.6514	24.5198  73397.4375	1.4689  107686.3984	2.1658  522284.4688	0.0655  4291.8979	6.7614  560324.4375	54.95779	2	1236110.57124758	8	22492
8188	171.9966  0.0177	135.4360  0.0773	9.3382  0.0245	127.2995  0.0004	0.0485  0.0041	0.0843  0.0042	89.2652  0.1402	1.137173	2	25577.2856748549	8	22492
12682	126.7132  1083.4387	176.2894  27088.1543	6.4614  147.4219	1542.2767  208967.7656	0.2295  0.1190	0.0115  1.5607	-2.2906  1.8740	1.056832	2	23770.2711650526	8	22492
17108	62.9384  0.2309	89.6098  0.2189	4.3332  0.0145	120.4030  0.0009	0.0502  0.0005	0.5738  0.0011	-38.8057  0.4873	1.606861	0	36141.5239334846	8	22492
18064	146.1667  15776.0596	143.4327  24115.5840	25.0274  34532.5156	1.9961  91024.9844	1.6732  221500.1719	0.0520  2568.7422	29.1717  358954.0625	70.79747	2	1592376.66030085	8	22492
17066	-99 -99	-99 -99	-99 -99	-99 -99	-99 -99	-99 -99	-99 -99	-99	-9	-99	-99	-99
11764	144.2009  149460365606912.0000	140.6494  48150505062400.0000	46.2856  2610060484149248.0000	1.000e-02  1.398e+13	7.3427  1009623196762112.0000	0.0500  147135949438976.0000	-76.5629  2489975882907648.0000	1.181352	2	26570.9794347541	8	22492
16167	119.5446  99.4952	52.7601  98.6553	4.7283  0.4112	307.8928  112.9011	0.1156  0.0144	0.1843  0.0653	-44.5359  3.5054	1.380405	1	31048.0714742479	8	22492
16624	146.0685  9980.2832	143.9390  17803.2129	24.5151  11471.4170	1.9935  29158.9707	0.8530  47219.2422	0.0777  7126.3804	30.3979  191360.2500	44.76424	2	1006837.24850887	8	22492
10439	-99 -99	-99 -99	-99 -99	-99 -99	-99 -99	-99 -99	-99 -99	-99	-9	-99	-99	-99
19677	145.8048  4748.0601	143.0508  32362.2363	23.7265  9890.1924	3.8972  55300.8906	0.8711  17485.8047	0.0481  891.3407	-4.3567  150504.3125	23.54928	2	529670.503239632	8	22492
12158	145.8137  5315.9272	143.3528  13003.2051	24.3495  7925.4438	1.7213  19191.7305	0.6423  39021.5352	0.0867  3617.4678	20.9659  260503.8594	128.3308	2	2886417.28523445	8	22492
20100	145.4606  509997152.0000	143.6802  2079359360.0000	24.5423  75214241792.0000	1.7752  7085814784.0000	0.9486  2232492032.0000	7.370e-03  6.856e+07	-18.6085  1721557632.0000	120.3909	2	2707831.84222603	8	22492
13893	123.7246  30.7334	113.2584  17.9090	10.6570  895.0453	0.0120  11.5876	9.1297  1514.5474	0.0161  0.2141	-60.7616  15.8914	1.006941	2	22648.1103662328	8	22492
18927	145.5874  7447.4097	143.1315  50620.8203	24.1222  6156.6655	2.5287  29604.7988	0.1915  13026.6016	0.0445  3943.6646	17.8721  170500.9531	76.23068	2	1714580.55624008	8	22492
10268	-99 -99	-99 -99	-99 -99	-99 -99	-99 -99	-99 -99	-99 -99	-99	-9	-99	-99	-99
17888	145.9225  25159.1172	143.6787  14129.4531	24.5637  12555.5312	2.3756  33001.5820	0.6382  49889.9023	0.0647  3110.7859	61.7631  200885.0312	105.0883	2	2363646.20289898	8	22492
6479	139.0103  3.7291	126.7907  1.4819	15.3920  178.1427	9.593e-03  4.706e+00	19.9937  2296.5720	0.2894  3.9506	-13.1989  265.7179	1.157038	2	26024.0942963555	8	22492
15249	146.1987  20331.1387	144.2309  23487.1055	24.7215  13683.4443	2.3222  32634.8789	0.5569  35685.5859	0.1144  5239.9810	39.9748  322848.7812	42.56294	0	957325.60063386	8	22492
14075	-99 -99	-99 -99	-99 -99	-99 -99	-99 -99	-99 -99	-99 -99	-99	-9	-99	-99	-99
12690	145.3929  3878.8735	143.0671  30762.5801	23.4087  11873.6826	5.0581  82040.2891	1.0140  24884.5391	0.0656  969.8012	5.1206  163449.0781	41.07059	2	923759.69026649	8	22492
13955	145.5280  3333.0107	142.9310  18904.7891	23.9993  8809.3291	3.1506  28131.8105	0.4362  18287.2715	0.0555  843.6091	-9.1576  296249.6250	31.43867	2	707118.502428055	8	22492
13344	146.1553  47169.7852	144.2669  49433.8555	25.1681  36841.3477	2.2260  135803.4844	1.5736  351823.0000	0.0550  5544.3828	43.2429  273664.6250	70.10542	2	1576811.19093318	8	22492
14015	-99 -99	-99 -99	-99 -99	-99 -99	-99 -99	-99 -99	-99 -99	-99	-9	-99	-99	-99
8023	-99 -99	-99 -99	-99 -99	-99 -99	-99 -99	-99 -99	-99 -99	-99	-9	-99	-99	-99
12243	145.2540  3831.5669	142.7349  11660.2949	24.0890  11617.6826	1.6603  21554.4492	1.1996  72127.1172	0.0500  4392.4243	-18.5251  454785.6875	25.55164	2	574707.527982891	8	22492
18623	82.1953  119.9020	139.7842  64.2427	7.5095  0.7470	152.1208  90.9702	0.1845  0.0987	0.2788  0.1419	69.6601  11.7615	1.099399	1	24727.6841846728	8	22492
12811	130.3143  54.7776	97.3896  36.8021	4.7924  0.0806	274.6486  20.6660	0.0634  0.0017	0.1395  0.0106	55.8086  1.3573	0.2283191	1	5135.35385161514	8	22492
19464	145.3517  103677.3203	142.8030  273937.3125	24.3880  1898840.3750	1.2094  2309648.2500	2.0277  3557193.2500	0.0226  6340.7163	-11.8943  393837.8438	18.99734	2	427288.244954705	8	22492
21022	145.4516  25325.9219	143.1433  15805.5234	24.2449  32474.4863	2.1276  46611.1836	0.4692  47491.5195	0.0491  8008.6675	9.4389  330329.1562	29.96023	2	673865.445415795	8	22492
19483	145.8922  34490.8711	143.8995  34919.3164	24.7260  637168.3750	1.2392  801125.4375	13.4231  16582563.0000	0.0711  12293.7383	50.3767  631757.3750	33.60972	2	755949.766977489	8	22492
18581	115.4658  41.4135	177.5271  88.7435	4.3688  0.6979	191.2937  71.0664	0.0861  0.0333	0.4455  0.1422	-43.7070  6.7219	0.9126824	1	20528.0533918214	8	22492
20190	148.2654  6.0259	146.0467  7.8513	13.4520  0.5496	17.4464  17.9525	0.0469  0.0682	0.0425  0.0174	-37.1147  0.6435	1.131909	2	25458.9039195352	8	22492
11540	-99 -99	-99 -99	-99 -99	-99 -99	-99 -99	-99 -99	-99 -99	-99	-9	-99	-99	-99
19192	-99 -99	-99 -99	-99 -99	-99 -99	-99 -99	-99 -99	-99 -99	-99	-9	-99	-99	-99
14169	-99 -99	-99 -99	-99 -99	-99 -99	-99 -99	-99 -99	-99 -99	-99	-9	-99	-99	-99
11292	145.7271  0.5547	143.9234  3.4825	15.5622  1.1389	5.2840  4.6333	0.0656  0.4668	0.1222  0.3801	0.9718  9.6835	1.756879	0	39515.7231422831	8	22492
17789	146.3135  20226.0156	144.0553  7994.2178	24.9084  13644.0176	1.5832  30438.5488	0.8000  76165.0469	0.0640  33167.7578	71.8808  436346.7812	41.84149	2	941098.750902295	8	22492
20614	145.4001  3702.4954	142.7802  30823.5410	23.5824  9086.0371	4.3457  53741.6992	0.6773  19063.1699	0.0655  1145.0950	-7.6661  133559.4531	45.555	2	1024622.99594021	8	22492
14911	145.9776  0.0925	142.1038  0.0497	8.7271  0.0322	170.1800  0.0004	0.0476  0.0050	0.0976  0.0053	-28.2138  0.1782	1.106759	2	24893.2225666113	8	22492
20324	262.7500  271.6351	43.4054  66.6169	6.2471  1.1252	269.3291  228.6297	0.2045  0.0747	0.1983  0.1427	75.7888  1.6288	1.037581	2	23337.2760762897	8	22492
9227	325.4873  61.7390	-15.5672  33.1674	4.6331  0.2384	309.8913  50.9084	0.0807  0.0089	0.1309  0.0147	60.8653  0.3681	0.3105582	1	6985.07482311634	8	22492
10730	144.0043  0.3527	128.5006  0.7618	13.1555  3630.6987	12.1561  20324.9883	0.0210  0.0090	0.3567  0.0347	-25.1996  3.4151	1.043512	2	23470.6640070595	8	22492
12903	146.1126  47104.1055	143.8050  73757.9375	24.6475  303627.8438	1.8354  221680.5625	1.0532  159619.3125	0.0500  177984.5469	44.8576  2658975.5000	54.10535	2	1216937.66421631	8	22492
9536	139.9679  0.0000	144.2605  0.0000	60.7044  0.0000	384.6067  0.0000	1.1885  0.0000	0.0500  0.0000	81.7473  0.0000	1.07294	2	24132.5550782177	8	22492
18908	147.2495  76075.5781	145.6110  65580.1172	25.8281  157960.3125	2.3204  292369.2188	1.4713  530932.1875	0.0535  9033.1504	-47.7639  529050.3750	25.67693	2	577525.426960692	8	22492
5953	-99 -99	-99 -99	-99 -99	-99 -99	-99 -99	-99 -99	-99 -99	-99	-9	-99	-99	-99
10274	145.4725  3638.9192	142.8104  17522.8887	24.1124  11168.5283	2.3876  21259.7383	0.4269  33863.2109	0.0628  1022.1813	-12.5676  375362.7812	86.58701	2	1947514.86222649	8	22492
17615	102.2507  2.9414	129.2895  2.0283	6.3570  133.2797	84.0205  5156.9756	0.0452  0.0013	0.9129  0.0288	22.9913  4.8656	1.210511	2	27226.8220898065	8	22492
11999	-99 -99	-99 -99	-99 -99	-99 -99	-99 -99	-99 -99	-99 -99	-99	-9	-99	-99	-99
9741	145.5554  4815.9341	142.7542  50473.3828	23.9181  11282.1055	5.1921  85550.3984	0.6924  24388.6035	0.0478  1111.7861	6.4164  138869.7656	90.78411	2	2041916.19398165	8	22492
5929	-99 -99	-99 -99	-99 -99	-99 -99	-99 -99	-99 -99	-99 -99	-99	-9	-99	-99	-99
9917	146.5339  52906.1406	144.6412  17538.7422	25.3039  211645.1250	2.1060  335739.1875	2.0618  1158773.3750	0.0521  5570.7085	77.5870  481917.0625	38.93327	2	875687.074492455	8	22492
7862	145.5175  5030.4907	143.0616  92486.3125	24.2722  770476.8750	1.6554  1864481.5000	5.3893  4835381.5000	0.0586  2486.2703	-1.9693  467740.3125	17.62238	2	396362.656938173	8	22492
16835	-99 -99	-99 -99	-99 -99	-99 -99	-99 -99	-99 -99	-99 -99	-99	-9	-99	-99	-99
12286	146.3334  25892.7305	144.4736  23119.2383	24.7672  14310.2129	1.7579  34597.7500	0.7030  106657.6250	0.0500  7571.6323	50.4977  392398.7812	47.31883	2	1064295.14424515	8	22492
16780	138.2816  0.8855	75.4634  18.2076	10.1781  0.3662	88.3130  34.0239	0.0925  0.0571	0.0952  0.0406	2.0698  0.8589	1.142644	2	25700.3405879231	8	22492
20200	145.7756  82.4402	141.9896  158.3824	20.0829  442.8875	3.6072  18421.1582	0.0266  795.4036	0.0497  15.5585	-8.1283  3876.1211	1.009948	2	22715.7391907217	8	22492
18813	102.4607  187.7409	285.8711  493.2204	5.9831  1.8854	375.4440  473.3821	0.4568  0.0568	0.1271  0.1573	-20.9624  1.5455	1.354316	1	30461.2860744839	8	22492
11937	147.0346  35.7141	143.6758  36.4957	15.9584  6642.4194	0.0137  14.1897	2.5906  955.8651	0.0886  1745.4697	40.3587  13179.3252	1.030103	2	23169.0669604901	8	22492
18880	-99 -99	-99 -99	-99 -99	-99 -99	-99 -99	-99 -99	-99 -99	-99	-9	-99	-99	-99
20395	145.3513  27695.2012	143.2610  22084.9863	24.2755  51677.1289	1.6641  122564.2891	0.9686  122269.1094	0.0414  8761.6504	-20.4707  892002.4375	63.4549	2	1427227.57131958	8	22492
20269	145.2425  7435.4092	142.8144  13223.4258	24.0108  7270.6348	2.1678  18050.2168	0.7068  29570.7285	0.0772  2160.6072	-28.1780  154094.4844	40.92252	2	920429.421664238	8	22492
19443	145.1143  5054.0332	142.2270  11125.1055	24.1272  11250.9102	1.6445  26686.9375	1.5306  83759.1406	0.1004  7079.5400	-28.2955  208950.7031	30.78093	0	692324.656303883	8	22492
8310	145.6244  50213.2227	143.0905  589474.2500	24.4998  519836.0000	1.6797  910009.6250	1.3454  1182253.3750	0.0360  4712.0420	-3.0715  629256.6875	31.24985	2	702871.536631107	8	22492
20829	146.7677  23341.4609	145.1704  7431.7676	24.8472  12225.3281	1.8437  29870.1895	0.7404  61158.5195	0.1000  5414.5415	-75.8071  298997.2812	24.19383	0	544167.719512343	8	22492
11871	295.5421  462.9665	33.9184  33.2900	6.4592  1.7912	281.6542  360.1742	0.0956  0.0694	0.1682  0.1552	86.6791  2.3028	1.216532	1	27362.2306550321	8	22492
20934	109.5922  0.0039	46.7920  0.0120	5.3899  0.0041	152.4569  0.0001	0.0485  0.0002	0.2844  0.0007	-34.2874  0.0690	0.1822022	2	4098.09299641822	8	22492
15094	145.9377  12455.3809	143.7001  13825.1074	24.6782  36021.2539	1.8772  59879.5742	1.3124  77225.7656	0.0497  13543.2031	31.6527  148519.9219	49.64628	2	1116644.17976189	8	22492
13619	145.4333  11485.4014	142.3391  224685.6094	22.9760  803150.3125	11.6518  9316542.0000	13.4949  20722848.0000	0.0158  620.5759	3.0784  30456.4258	74.7524	2	1681330.99689865	8	22492
7478	128.3143  0.0001	119.1745  0.0001	13.1493  0.0000	4.036e-03  1.695e-05	2.4960  0.0000	0.1311  0.0000	39.0123  0.0000	1.002145	2	22540.2446679605	8	22492
14350	161.1195  38.6590	92.0919  11.6850	6.9313  0.4752	80.0616  19.6960	0.2071  0.0690	0.9654  0.1067	-45.5971  206.8144	1.483572	1	33368.5051463558	8	22492
15669	145.6920  16364.8896	143.8343  170720.1406	24.6837  75523.0781	3.2518  230131.4062	1.2723  127305.9453	0.0251  1316.0295	7.9615  129888.0078	61.57158	2	1384867.88944149	8	22492
12798	-99 -99	-99 -99	-99 -99	-99 -99	-99 -99	-99 -99	-99 -99	-99	-9	-99	-99	-99
13393	166.9870  25.6227	119.4752  10.5204	8.0093  0.5101	56.7331  19.3563	0.1173  0.0301	0.5334  0.1187	-61.7584  3.8504	2.259396	1	50818.3249233493	8	22492
10653	157.3340  171.5431	134.0840  2157.4141	8.1680  18.6950	1155.9617  20032.0703	1.1050  1.3930	0.0144  0.2439	-4.6363  3.0929	1.076787	2	24219.0932385368	8	22492
12368	111.1542  95.8027	91.5601  28.5154	4.9984  0.2387	231.2478  50.4197	0.0918  0.0045	0.2348  0.0507	74.0500  4.4188	1.516117	1	34100.5049468335	8	22492
19627	146.6355  0.0000	144.3872  0.0000	21.0464  0.0000	7.069e-03  3.984e-18	1.0107  0.0000	0.0925  0.0000	-1.8535  0.0000	1.002861	2	22556.3430930776	8	22492
8487	105.9725  60.4248	115.6562  44.3449	4.2149  0.1334	343.7008  40.7425	0.0870  0.0030	0.1354  0.0155	53.9899  1.2302	0.2118186	1	4764.2229293268	8	22492
20886	147.0473  68471.0312	145.4082  18407.9668	25.7658  59096.5664	2.2755  288085.0312	1.5627  490719.5625	0.0517  16538.2715	-71.7477  536146.9375	23.01557	2	517666.218402863	8	22492
10160	136.5323  54.1327	106.6889  36.2600	4.9264  0.1099	265.8642  23.3565	0.0788  0.0040	0.1392  0.0104	55.8221  1.3526	0.2791723	1	6279.14271764057	8	22492
20465	145.4771  9682.4004	143.0554  126264.4844	24.3919  838738.6875	1.9732  2332878.2500	5.0823  5323748.5000	0.0573  2396.1035	1.9126  485042.0938	66.93488	2	1505499.46135426	8	22492
19644	146.2087  10406.3965	143.7307  6334.9155	24.5026  10563.1768	1.6062  23808.0000	0.9690  63886.8594	0.0839  5695.6006	53.5817  259714.2656	109.5379	2	2463726.88895041	8	22492
12704	145.2855  13.2332	142.3399  16.5279	16.2381  3123.6091	0.9833  8696.4131	19.9996  77239.3984	0.0203  1.7947	-35.6574  143.5987	59.55036	2	1339406.72499466	8	22492
13936	146.4545  83420.5234	144.2878  55443.1914	25.3052  41187.8242	2.2362  136053.5938	1.6524  316726.7500	0.0511  9424.4160	49.6732  988790.8125	54.0495	2	1215681.24550772	8	22492
14056	147.2576  0.0000	145.8009  0.0000	25.0560  0.0000	2.2133  0.0000	0.7099  0.0000	2.095e-03  1.403e-04	-42.8697  0.0000	72.47726	2	1630158.67046261	8	22492
8753	146.9277  0.0512	67.1090  0.0843	5.2440  0.0374	554.6303  0.0001	0.0587  0.0081	0.0977  0.0012	58.9216  0.8776	1.022105	2	22989.1790447659	8	22492
12837	146.2364  11866.2773	143.9146  17229.2676	24.5163  12193.4287	2.0963  22871.6602	0.6721  35961.0938	0.0693  4118.1431	36.4405  186368.4688	88.56593	2	1992024.98383141	8	22492
9401	145.8736  35135.0859	143.7554  35114.5547	24.9648  382935.0000	2.2832  873450.2500	1.7625  1311743.3750	0.0530  19413.0312	45.4912  275125.6250	17.72239	2	398611.992218554	8	22492
20709	119.0908  0.0029	47.8928  0.0048	5.2791  0.0043	174.9751  0.0001	0.0497  0.0004	0.2134  0.0007	-33.7610  0.0792	0.2516802	2	5660.79056724172	8	22492
14112	145.6910  8952.2988	143.1750  21431.5547	24.4079  15562.4902	2.2124  46592.6211	0.8965  60523.2539	0.0415  5111.9370	16.2625  233522.5156	33.17895	2	746260.89069128	8	22492
12297	145.6022  223897.6406	142.8055  7004834.0000	23.3618  213539.7188	30.2181  5147624.5000	0.4128  64865.5586	0.1246  22989.5078	0.1108  1003320.6875	38.90173	0	874977.681638837	8	22492
17744	69.5634  428.3161	98.7046  47.5822	4.4758  0.7978	444.8923  322.8654	0.0859  0.0191	0.1361  0.0980	84.5085  5.3936	1.169035	1	26293.9274037068	8	22492
6624	83.4051  73.1486	123.0008  56.5900	4.6433  0.0845	269.3185  23.6264	0.0593  0.0041	0.1901  0.0185	53.4134  2.7059	0.4282632	1	9632.4951072627	8	22492
14400	143.0993  20.0345	142.6563  23.3781	18.6888  672.4119	0.7807  627.0820	14.0393  17157.4258	0.5911  31.9820	89.5599  3678.9304	1.004007	2	22582.1357659786	8	22492
16718	123.7547  10.2685	114.2992  11.4650	3.5329  0.1069	146.4409  11.1861	0.0999  0.0039	0.5371  0.0297	-33.9308  2.0394	0.9912255	0	22294.6445252515	8	22492
19997	146.6280  11443806208.0000	144.9655  9744966656.0000	25.2031  137964064.0000	1.9499  2875024640.0000	0.7672  10047271936.0000	8.904e-04  8.368e+07	-71.1327  26890323968.0000	8.209806	2	184654.962142527	8	22492
8017	-99 -99	-99 -99	-99 -99	-99 -99	-99 -99	-99 -99	-99 -99	-99	-9	-99	-99	-99
20860	145.2354  35417.5039	142.5300  515718.3750	24.2990  406238.9062	1.3363  57691.2539	0.7594  541585.0000	0.0312  43679.5820	-12.5181  4812265.0000	47.54641	2	1069413.82351875	8	22492
10538	145.9962  38685.9531	143.6115  59200.3359	24.9451  219857.7656	2.1648  490007.3125	1.9087  766393.8750	0.0532  5961.3848	39.2150  698715.8125	47.65623	2	1071884.03960133	8	22492
20344	147.3684  52096.2266	145.6211  30145.8496	25.8424  85257.0234	2.3516  205022.7812	1.5485  477689.7812	0.0597  20006.2773	-48.9120  1440447.5000	21.68637	2	487769.924965441	8	22492
11973	145.2244  0.3339	143.5756  0.9532	14.2363  46.4397	195.4023  27383.0430	19.9806  638.1499	0.0640  0.2704	-15.5616  17.7839	1.412069	2	31760.2566740621	8	22492
21187	145.2636  13917.8154	142.8390  52959.6211	24.1916  18223.2852	1.8293  29376.9004	0.7603  59047.1953	0.0482  1797.4258	-4.0315  693336.3125	48.08208	2	1081462.09141922	8	22492
16079	133.3830  2.3240	139.1116  0.8587	12.9403  0.2147	15.8336  9.1959	0.0488  0.0797	0.2036  0.0347	-68.7699  1.8649	1.033407	2	23243.3885352496	8	22492
10462	-99 -99	-99 -99	-99 -99	-99 -99	-99 -99	-99 -99	-99 -99	-99	-9	-99	-99	-99
15614	145.8683  33959.1172	143.5126  46258.2461	24.3648  26241.5840	4.1838  128005.2031	0.7411  78381.9297	0.0265  4314.6201	27.8208  376539.0938	41.59584	2	935573.532257922	8	22492
6946	146.8668  33761.7500	145.4260  28684.1426	24.8709  13721.6709	1.8240  29122.2578	0.1824  118087.0469	0.0664  22101.2617	-56.6243  2325212.2500	15.7903	2	355155.50381434	8	22492
19725	145.2274  4145022462089303687168.0000	143.2418  2140703751439877406720.0000	19.9239  842005019388442312704.0000	1.4905  12886119214497715453952.0000	0.7120  63401603496527804760064.0000	5.906e-03  8.821e+20	-18.3766  18032635836173020823552.0000	40.84633	2	918715.702553093	8	22492
20438	-99 -99	-99 -99	-99 -99	-99 -99	-99 -99	-99 -99	-99 -99	-99	-9	-99	-99	-99
13437	-99 -99	-99 -99	-99 -99	-99 -99	-99 -99	-99 -99	-99 -99	-99	-9	-99	-99	-99
16119	147.0225  0.2411	140.0415  0.0388	12.5291  0.0317	78.0333  0.0009	0.0453  0.0110	0.0175  0.0025	-9.1779  0.2878	1.120886	2	25210.9667210163	8	22492
17102	145.5745  5274.8647	143.1884  46058.9258	23.8180  10560.1162	4.9939  76022.6875	0.5611  20261.1074	0.0608  1262.3890	-5.5408  280133.2500	41.65407	2	936883.372168303	8	22492
11800	145.2025  7883.3989	142.3244  12080.3691	24.1145  13254.0732	1.4971  23589.9941	1.7840  96395.8359	0.0752  5559.6343	-24.5121  212559.0625	54.12323	2	1217339.62582493	8	22492
12646	146.7507  57847.3789	144.6289  40173.2148	25.4704  91056.8516	2.7647  205352.0625	1.3496  403920.9375	0.0536  6135.2085	55.7818  481945.4062	56.37974	2	1268093.17580795	8	22492
12448	89.0682  0.7084	83.2491  0.6585	6.1141  0.0677	73.4432  0.8682	0.1321  0.0042	0.8396  0.0074	41.2944  4.1020	1.652493	1	37167.8824555293	8	22492
15585	146.3777  34841260.0000	143.6555  63210060.0000	24.7701  7395708.5000	1.7257  21279940.0000	0.1451  609346112.0000	0.0157  4320044.5000	50.4680  65897070592.0000	28.27448	2	635949.722809941	8	22492
10212	146.2207  24460.9551	143.2595  20685.7969	24.9499  78417.3750	2.2772  148809.7969	1.7750  315134.7812	0.0544  3630.2544	39.7725  231182.5625	57.01534	2	1282389.00023746	8	22492
13806	145.4218  0.0000	161.1511  0.0003	20.1072  0.0004	10.4331  0.0001	0.0218  0.0085	0.0636  0.0067	-2.1428  0.0000	1.003224	2	22564.5030005006	8	22492
6948	100.6345  72.0729	92.2990  53.2861	4.7748  0.2628	192.4423  40.6206	0.0563  0.0032	0.3224  0.0581	53.9150  6.8863	1.168009	0	26270.8574035008	8	22492
8058	143.3614  0.6904	142.5070  0.2205	9.8837  1457.1901	0.0238  24.6118	5.7171  1179.3247	0.0834  1.1943	88.7251  39.0354	1.160415	2	26100.0624013888	8	22492
16992	161.2881  38.3368	143.1779  34.8624	8.5928  0.4570	115.1724  37.1380	0.0645  0.0166	0.2056  0.0476	-47.0011  0.9253	1.235544	2	27789.8549881087	8	22492
10220	147.5244  1.2338	141.5342  1.2955	15.0329  0.6169	2.3546  0.9582	0.2325  0.4646	0.9876  0.6148	36.8141  2188.0820	1.053168	0	23687.8558626745	8	22492
10572	145.6649  8942.1758	142.9855  18781.5234	24.4514  59669.4141	1.2893  66457.2812	1.7760  346617.5000	0.0412  7927.0698	22.9804  580578.8750	101.9529	2	2293125.78850508	8	22492
18060	145.8002  0.7948	141.7748  0.8633	16.8187  0.8566	1.4827  49.6024	0.0269  4.7853	0.9654  1.4048	-31.2792  1266.2866	1.109383	2	24952.2364577891	8	22492
18186	145.2285  30000.2090	142.6791  21262.9805	24.2798  14182.7529	1.6664  18276.0820	0.4809  33581.7305	0.0498  2187.3301	-3.5410  1044282.4375	62.3793	2	1403035.29560368	8	22492
16401	-99 -99	-99 -99	-99 -99	-99 -99	-99 -99	-99 -99	-99 -99	-99	-9	-99	-99	-99
15547	-99 -99	-99 -99	-99 -99	-99 -99	-99 -99	-99 -99	-99 -99	-99	-9	-99	-99	-99
13915	-99 -99	-99 -99	-99 -99	-99 -99	-99 -99	-99 -99	-99 -99	-99	-9	-99	-99	-99
11040	103.3591  0.0065	110.0046  0.0033	5.0954  0.0045	188.8381  0.0001	0.0518  0.0005	0.2321  0.0006	54.9043  0.0799	0.2351019	1	5287.91213408551	8	22492
11098	-99 -99	-99 -99	-99 -99	-99 -99	-99 -99	-99 -99	-99 -99	-99	-9	-99	-99	-99
19405	146.0581  295.6338	145.3471  90.7663	20.6279  3866.6838	5.5584  20593.7363	19.1473  144450.1562	0.0441  19.8881	76.8834  1780.4554	1.316818	2	29617.859408768	8	22492
19889	-99 -99	-99 -99	-99 -99	-99 -99	-99 -99	-99 -99	-99 -99	-99	-9	-99	-99	-99
6989	145.4920  3926.0247	143.0180  114106.7109	24.4234  781801.7500	1.9745  2162187.2500	5.1440  5133367.0000	0.0585  3085.0808	1.9772  574455.8750	97.65733	2	2196508.78207779	8	22492
19273	-99 -99	-99 -99	-99 -99	-99 -99	-99 -99	-99 -99	-99 -99	-99	-9	-99	-99	-99
11109	145.7221  10399.5693	143.6358  24831.8887	25.0140  34746.9609	2.0484  98427.8281	1.5776  256627.9062	0.0511  9011.2725	20.0941  392715.8125	65.08571	2	1463907.71547318	8	22492
12327	145.8141  0.0094	143.1989  0.0014	17.9430  0.0000	0.3655  0.0005	1.0747  0.0001	5.051e-03  7.091e-03	9.6687  0.0002	92.58739	2	2082475.64421749	8	22492
19663	152.0362  1869.7448	88.3042  407.7443	6.5188  13.4296	633.2393  7780.9067	0.2471  0.0498	0.0380  0.4657	-77.6797  1.3041	1.022416	2	22996.1849528628	8	22492
12232	146.9518  98392.6328	145.3661  53380.0820	25.7281  124452.1484	3.1154  564032.4375	1.3669  384814.9375	0.1413  15075.3682	59.6314  1308187.7500	47.97024	0	1078946.6078577	8	22492
10903	77.4906  109.0630	131.6874  155.6062	4.0138  0.6425	462.8135  271.6968	0.0793  0.0030	0.1046  0.0609	-35.3342  1.8983	0.5278	0	11871.276965164	8	22492
21041	-99 -99	-99 -99	-99 -99	-99 -99	-99 -99	-99 -99	-99 -99	-99	-9	-99	-99	-99
15694	145.9225  8328.4521	143.1367  13571.9785	24.3953  18695.6777	1.5562  23602.0391	1.3287  66045.1641	0.0500  4455.7173	37.0721  102913.3672	57.49408	2	1293156.75938606	8	22492
6109	-99 -99	-99 -99	-99 -99	-99 -99	-99 -99	-99 -99	-99 -99	-99	-9	-99	-99	-99
19630	145.6063  12349.5840	143.5041  12789.6270	24.5249  18238.0879	1.5626  34064.7656	1.3015  108963.6641	0.0597  6185.2876	19.2397  338628.1250	105.4605	2	2372016.80448467	8	22492
8386	146.0073  29845.5938	143.6604  31367.6113	24.9915  60433.6133	1.9790  120433.8672	1.8141  280339.3125	0.0532  3982.2158	43.3530  288846.1562	69.35014	2	1559823.48154378	8	22492
21114	146.2926  4578.8442	142.6119  210.8925	11.0650  63113.3164	2.094e-03  1.609e+02	16.5604  134009.2031	7.996e-03  1.319e+00	-87.2678  47.3599	1.245384	2	28011.1656493371	8	22492
13131	146.6177  153014.0625	144.3228  36213.2656	24.5931  29875.5918	4.5315  158513.1562	0.2873  43392.6680	0.1274  4944.1338	76.6746  305828.4062	80.64491	0	1813865.24849701	8	22492
16102	146.9493  54723.5000	144.7828  75083.7891	25.0031  14778.5947	2.0238  34689.5938	0.5152  60966.4219	0.0592  1906.6698	-81.4491  2038660.8750	38.18607	2	858881.116123676	8	22492
19442	114.3149  269.6754	124.7619  126.7668	9.0076  3.3425	235.9592  724.6274	0.0829  0.0668	0.0413  0.1264	-64.8212  0.8283	1.001157	2	22518.0197423711	8	22492
6093	145.6069  3612.9329	143.0983  11601.1592	24.3395  14533.7871	1.8308  27069.5859	0.8308  58832.4961	0.0500  2806.3594	17.3634  206964.3438	22.81926	2	513250.705329418	8	22492
18579	145.9590  0.0035	142.0125  0.0031	16.9037  0.0046	0.9073  0.0015	0.3063  0.0039	0.0134  0.0000	44.2224  0.0005	1.405962	2	31622.8959566078	8	22492
19331	-99 -99	-99 -99	-99 -99	-99 -99	-99 -99	-99 -99	-99 -99	-99	-9	-99	-99	-99
8476	145.4215  56448.2734	143.3306  603173.4375	23.0485  55337.2109	20.6471  1191047.5000	0.7730  50388.2539	0.1288  5505.7734	2.9053  465491.4375	44.70745	0	1005560.00254154	8	22492
18993	145.1170  38207720.0000	142.9469  94031272.0000	24.3941  689573888.0000	1.7267  462368288.0000	1.2905  187688896.0000	8.206e-03  8.808e+04	-21.8966  5348905.0000	99.50089	2	2237974.15318489	8	22492
11220	145.4312  23325.1289	142.0094  258450.4531	23.1908  54879.6758	18.3727  1219658.7500	1.2165  70895.2812	0.0995  2655.7717	-4.6327  292184.5312	110.7496	2	2490980.60494512	8	22492
18441	-99 -99	-99 -99	-99 -99	-99 -99	-99 -99	-99 -99	-99 -99	-99	-9	-99	-99	-99
20427	-99 -99	-99 -99	-99 -99	-99 -99	-99 -99	-99 -99	-99 -99	-99	-9	-99	-99	-99
13100	145.5826  33153.9805	143.2830  93374.3125	24.5343  662016.1250	1.3340  1161296.0000	2.0243  2125771.2500	0.0304  6672.0806	17.7236  624706.2500	50.53913	2	1136726.10361624	8	22492
14530	145.8504  19756.8867	143.2816  52641.0859	24.5343  20694.9082	1.5891  22168.2754	0.7682  46645.5117	0.0500  8107.6211	38.1676  476706.3125	33.04795	2	743314.518450087	8	22492
5934	145.7580  6106.5889	143.4232  18856.8262	24.4576  11608.0801	1.5995  19762.6270	0.7584  57870.4727	0.0413  2988.3228	13.7447  73981.7656	25.14935	2	565659.185126424	8	22492
19808	-99 -99	-99 -99	-99 -99	-99 -99	-99 -99	-99 -99	-99 -99	-99	-9	-99	-99	-99
13308	144.4019  0.2309	140.3321  0.7745	14.9036  2.9937	5.6566  30.3939	3.7633  14.6367	0.2462  0.3195	-13.2992  26.1079	1.024424	0	23041.3417354279	8	22492
18202	145.4264  3740.0945	142.9111  29885.6895	23.8665  9500.8027	3.9216  45856.7188	0.5870  21206.6035	0.0478  1152.4562	-7.4458  161631.4219	57.21533	2	1286887.23604107	8	22492
20487	145.1562  1.1852	141.7782  3.3589	14.9641  0.7177	4.9512  3.1477	0.2213  0.5078	0.3435  0.2537	-10.9799  22.3473	1.046467	0	23537.1372439886	8	22492
10996	-99 -99	-99 -99	-99 -99	-99 -99	-99 -99	-99 -99	-99 -99	-99	-9	-99	-99	-99
18294	145.8334  2781.1699	143.0221  123141.7344	23.9483  38165.8633	3.2703  77336.5156	0.2588  9912.3486	0.0338  899.6025	-3.3863  53660.2344	87.2859	2	1963234.48391342	8	22492
13675	145.5877  5772.3198	143.4273  22347.5371	24.2076  14232.9863	3.4075  89969.6172	1.1165  41889.6680	0.0489  1519.6486	10.2181  193064.9844	43.92849	2	988039.60956502	8	22492
18254	109.1588  1.3214	89.9438  1.2275	4.1171  0.3927	99.5927  6.7949	0.2045  0.0082	0.8835  0.0106	-50.8001  3.4192	0.923878	0	20779.8639819571	8	22492
15491	145.9815  25230.5957	143.6071  26190.5156	25.0292  54048.0781	1.9622  95518.0938	1.6879  358551.4062	0.0541  6809.4644	46.1681  172904.1562	41.03981	2	923067.423330541	8	22492
19540	143.5709  45.0537	138.6430  0.8039	7.4514  3.6360	1362.8661  4511.3691	2.2164  2.1962	0.0389  0.0190	-88.6875  1.7547	0.9997844	2	22487.1499746338	8	22492
15306	108.4487  77.8233	144.1870  50.6264	10.6094  0.9308	110.8774  86.4644	0.0604  0.0603	0.0702  0.0493	-57.3057  0.7873	1.324688	2	29794.8759757622	8	22492
11794	145.8061  0.8645	141.2364  11.9388	16.0902  2.3063	4.4715  9.2940	0.1641  0.9569	0.0488  0.1017	-1.7858  27.2339	1.026741	2	23093.454769846	8	22492
20905	147.6525  1.4594	139.3204  0.8780	13.9029  0.3395	3.3901  0.9677	0.2816  0.2847	0.9368  0.3785	-28.8134  282.5353	1.054349	0	23714.4155895083	8	22492
9277	145.7407  6768.0425	143.1220  16923.0039	24.4102  18518.3496	1.6647  33583.0820	1.4911  91690.0859	0.0730  5798.2432	18.2844  257360.1094	116.7536	2	2626020.95541191	8	22492
12428	145.5113  2976.8062	142.1699  5215.3354	23.1323  72436.9531	5.8520  692406.9375	5.9688  779542.0625	0.0629  1365.4779	33.4921  114728.9688	76.43958	2	1719279.16236156	8	22492
12914	145.9671  13011.8506	144.4453  17298.9922	24.2370  16054.5312	2.6890  18472.3965	0.1834  7705.3628	0.0500  736.0198	44.4556  80067.8203	65.88237	2	1481826.2163105	8	22492
14379	145.2079  3349.4041	142.5836  22484.5879	24.2605  23658.2383	1.2235  15459.4092	1.1674  75519.1641	0.0540  3502.7412	-15.7518  336742.8750	65.33851	2	1469593.67812694	8	22492
20212	145.6126  6.7784	141.6001  4.5962	16.4136  114.4668	11.4444  3362.7708	19.8681  3345.2769	0.1642  1.9444	-51.9232  151.0764	1.669011	2	37539.3832911234	8	22492
17088	145.9131  5977.3784	143.5283  5826.9829	24.4417  14661.8789	1.5186  32433.7109	1.7371  155919.8594	0.1175  5438.6172	17.6318  280530.1562	58.63524	0	1318823.76334906	8	22492
8860	146.5301  9.9601	142.6696  40.2723	13.7155  38.7183	16.1948  396.6272	1.2299  22.8786	2.972e-03  3.169e-03	-13.8585  1.4951	1.050362	2	23624.7436479524	8	22492
6528	135.0197  2114677112832.0000	128.3744  558187216896.0000	17.7451  65613493960704.0000	5.853e-04  4.354e+10	4.0392  8124908437504.0000	0.0201  5347421454336.0000	79.7099  150249347743744.0000	1.000244	2	22497.4876299586	8	22492
12105	145.3307  2006.7657	142.6243  8053.5552	23.1199  29205.5000	4.7327  218148.5781	3.6560  204937.6250	0.0903  1482.3186	-1.4213  118958.4062	75.53709	2	1698980.31799936	8	22492
9156	142.7455  44636.4805	145.1227  1552.1564	22.0680  15507.7803	8.0717  169307.9062	3.9086  128545.6562	0.0173  137.9589	87.7264  7870.9917	12.93214	2	290869.664701432	8	22492
12737	145.4788  10942.0215	142.9429  23957.3613	23.8834  10526.2402	3.4771  45948.6016	0.7412  25498.6289	0.0679  2425.2959	24.8189  123891.9609	48.69255	2	1095192.94920528	8	22492
13063	145.6420  35690171596800.0000	144.5983  13966052950016.0000	29.2788  1171641442762752.0000	1.000e-02  1.779e+13	0.7104  1782142992384000.0000	0.0500  163464005812224.0000	-56.4323  6310695306002432.0000	1.125485	2	25314.4188984471	8	22492
20292	145.2744  5790.6025	142.6282  10944.4902	24.3010  14511.9658	1.9265  38160.1836	1.4602  120071.5469	0.0544  4643.8281	-13.5830  237172.2188	39.95573	2	898684.366337657	8	22492
17959	146.1049  46742.4609	144.3230  56274.5742	25.2209  78403.2344	2.2202  186462.3125	1.5658  406680.6250	0.0535  3947.9429	41.0231  480281.2500	100.2208	2	2254165.70612144	8	22492
10086	146.6149  3.9700	144.4274  4.4199	15.7656  121.6669	10.1005  2208.7769	18.7021  4027.2253	0.0277  0.3112	38.1406  30.9099	1.049618	2	23608.0172772971	8	22492
19921	-99 -99	-99 -99	-99 -99	-99 -99	-99 -99	-99 -99	-99 -99	-99	-9	-99	-99	-99
20413	145.6117  2282.7998	142.7772  25160.7070	24.2587  11124.4902	2.2191  31195.9199	0.7941  45381.1289	0.0504  1029.3267	-4.3952  85993.6094	94.52342	2	2126020.84905815	8	22492
7664	145.2531  691.8390	144.9726  1300.6482	21.3070  30256.4414	100.3488  6989962.5000	10.8930  237908.5938	0.0477  128.0524	25.7447  8281.6279	1.164949	2	26202.0389507224	8	22492
19237	-99 -99	-99 -99	-99 -99	-99 -99	-99 -99	-99 -99	-99 -99	-99	-9	-99	-99	-99
17532	116.3258  30.0740	77.0557  16.6799	6.7445  0.3272	97.3001  21.6008	0.0628  0.0083	0.6439  0.0931	49.5550  10.6768	1.023878	0	23029.0678226926	8	22492
13123	145.7956  4221.2383	143.9798  11860.6465	24.4752  7559.5483	1.5784  15079.0146	0.4015  24191.6934	0.0959  4085.1846	21.2314  188787.8281	96.34923	2	2167086.91295052	8	22492
20316	145.2939  4489.7944	142.8519  19277.4043	24.1954  24382.0371	1.9115  36350.8555	1.2665  115320.3359	0.0469  5320.4326	-14.1555  111124.0859	43.14235	2	970357.629075646	8	22492
15552	125.2952  78.5715	461.1940  2575.5583	7.9178  7.9275	377.2658  1650.5289	0.2820  0.5194	0.0317  0.1067	1.7481  1.3000	1.012843	2	22780.8711167584	8	22492
9608	-99 -99	-99 -99	-99 -99	-99 -99	-99 -99	-99 -99	-99 -99	-99	-9	-99	-99	-99
10388	107.7218  50.9452	126.8531  35.0268	4.8654  1.0698	250.5496  82.9289	0.0611  0.0394	0.1726  0.0547	55.7958  1.7778	0.2703398	1	6080.48381551818	8	22492
12389	-99 -99	-99 -99	-99 -99	-99 -99	-99 -99	-99 -99	-99 -99	-99	-9	-99	-99	-99
13129	146.1734  1.5077	140.5635  0.9887	14.5576  3.7443	6.1133  30.6848	2.3716  7.6349	0.8671  1.3562	40.6723  399.5274	1.03756	0	23336.78843209	8	22492
14557	145.9089  6855.5317	143.5655  17989.1914	24.4748  11185.3223	1.8771  21978.6230	0.7896  52217.1523	0.0383  3443.3550	25.9113  448408.7188	89.92995	2	2022704.62248293	8	22492
11596	147.4438  14000.6191	145.8405  6232.2334	24.3032  8090.9175	2.0470  20222.5293	0.5411  40892.7305	0.0631  2517.5701	-67.9851  181142.2812	58.48107	2	1315356.20293999	8	22492
20306	144.1328  0.7061	139.2185  1.3830	14.4913  0.4894	4.6477  6.7873	0.0515  0.3361	0.4697  0.2074	-10.5801  15.6478	1.020124	0	22944.6354572882	8	22492
15727	145.6715  956574.3125	146.3495  6036327.5000	23.5569  13088314.0000	1.1562  39561440.0000	17.4826  195017264.0000	4.888e-03  1.732e+03	9.0676  27400.2617	51.02338	2	1147617.9046011	8	22492
19625	-99 -99	-99 -99	-99 -99	-99 -99	-99 -99	-99 -99	-99 -99	-99	-9	-99	-99	-99
11936	145.7921  6631.0884	143.6293  13642.6787	24.3451  11118.6084	1.9869  27634.2578	1.1225  67503.9531	0.1101  3078.0186	22.0997  224027.1094	67.46508	0	1517424.64688015	8	22492
15276	78.3682  146.4416	133.8305  124.2383	6.7411  0.4127	196.5220  52.1562	0.0818  0.0188	0.2405  0.0576	52.2067  9.8426	0.9631907	1	21664.0845807227	8	22492
13261	-99 -99	-99 -99	-99 -99	-99 -99	-99 -99	-99 -99	-99 -99	-99	-9	-99	-99	-99
17291	144.3112  3.5413	105.8985  7.3072	10.8811  0.2128	42.9707  15.9718	0.0465  0.0270	0.2541  0.0198	-15.8389  2.3566	1.199917	2	26988.5413380601	8	22492
13783	145.7712  6539.1309	143.1599  17847.4590	24.3793  10282.5801	1.8186  32064.3184	1.2922  66281.3047	0.0747  3942.6226	14.6239  283082.0625	31.79443	2	715120.316886425	8	22492
13678	145.3453  11.9102	160.2017  147.8822	11.8647  3.6829	38.6671  101.1194	0.1750  0.3627	0.0722  0.1515	4.6940  2.9665	1.41192	2	31756.9088269161	8	22492
21069	146.6354  20157.0586	145.2303  7622.7021	24.8023  12625.4863	1.9367  23091.1230	0.4188  37276.6641	0.1531  4338.5635	-67.7410  295875.5938	21.71804	0	488482.103152037	8	22492
19261	145.9629  17479.4414	144.5625  21557.4277	24.6238  18914.7148	1.6577  31665.3730	0.4377  94560.5938	0.0425  21452.2930	14.1008  189460.8125	54.18591	2	1218749.4656601	8	22492
9583	145.9633  80871.0859	143.5970  64417.3984	25.0616  61100.2734	2.3316  151960.5000	1.4900  276672.5625	0.0539  4765.5640	39.6156  844527.5625	45.47897	2	1022913.04510164	8	22492
12120	145.8412  4952.3784	143.3437  13290.5342	24.3820  6917.4136	1.6860  17208.2012	0.7925  37019.2188	0.0571  1909.7963	25.1061  215029.3281	68.91239	2	1549977.47601891	8	22492
13202	146.3431  86.3955	145.5846  162.4093	17.5131  39490.4102	4.793e-03  3.276e+02	14.6659  173594.7500	0.1230  59.8241	-1.4037  3724.6560	1.041474	2	23424.8397077417	8	22492
15960	145.9335  6527.0542	143.1691  12764.1367	24.3308  13316.6689	2.0445  26084.1309	0.8360  40173.8516	0.0828  8040.1011	27.7747  152206.5625	45.81803	2	1030539.15350819	8	22492
13467	145.1215  201.1169	143.0607  391.3318	15.7347  139.2694	6.9459  1020.0501	0.0596  13.6045	0.0197  3.5997	-25.3929  209.3373	1.282095	2	28836.8745653225	8	22492
20456	148.9185  2.2676	134.7106  2.0119	14.1349  0.9437	5.4571  5.5247	0.6934  0.8135	0.3558  0.3182	-46.1142  28.4467	1.086602	0	24439.8458929274	8	22492
19391	145.2558  4.8797	142.8739  33.3684	16.4279  7883.7988	6.0980  27483.6953	0.5897  19664.8027	4.001e-04  2.444e-01	-19.2453  130.1068	1.214253	2	27310.9796191092	8	22492
20567	146.3663  71974.2812	144.4674  39391.2344	24.0801  696861.0000	3.5790  1663386.8750	9.5447  12991424.0000	0.0309  3256.2363	63.5425  262871.7812	23.17161	2	521175.925163566	8	22492
12414	145.8963  56497.5664	144.6993  47230.4961	25.1103  156481.8125	2.3255  292742.7500	2.0562  676791.6250	0.0536  5044.6641	39.7863  856726.8125	90.30594	2	2031161.15524483	8	22492
12918	-99 -99	-99 -99	-99 -99	-99 -99	-99 -99	-99 -99	-99 -99	-99	-9	-99	-99	-99
19991	146.9563  19794.9102	145.6306  25826.4238	25.2753  16087.7822	1.6202  35783.8477	0.6017  74720.2422	0.0740  10010.6396	-35.8611  632835.6250	50.42963	2	1134263.16717884	8	22492
14769	145.7287  162204.4219	143.0612  355803.0000	24.3135  322087.0625	3.0739  2242781.5000	1.2722  1970014.8750	9.043e-03  3.892e+04	14.3504  1534495.6250	80.81677	2	1817730.82936287	8	22492
13874	-99 -99	-99 -99	-99 -99	-99 -99	-99 -99	-99 -99	-99 -99	-99	-9	-99	-99	-99
13735	145.5093  3639.7578	142.8228  130648.2656	24.3395  755933.2500	2.1205  2208521.2500	5.4705  5481568.5000	0.0608  5675.1025	1.5306  533105.0000	43.61988	2	981098.358974636	8	22492
7521	73.6836  109.4005	141.9166  82.3685	3.9551  0.3291	431.2751  93.4440	0.0863  0.0181	0.1229  0.0254	54.5470  1.4921	0.3009124	0	6768.12201929618	8	22492
12362	-99 -99	-99 -99	-99 -99	-99 -99	-99 -99	-99 -99	-99 -99	-99	-9	-99	-99	-99
11712	-99 -99	-99 -99	-99 -99	-99 -99	-99 -99	-99 -99	-99 -99	-99	-9	-99	-99	-99
19325	145.3575  10818.6367	142.6175  14707.5029	23.6131  10781.9727	3.3226  39080.6641	1.0347  37448.5117	0.0631  1470.6150	-36.5493  96884.0859	43.69503	2	982788.648406029	8	22492
11156	166.1051  454.5614	135.8595  182.2409	11.8291  13.9649	44.2221  411.7704	0.3975  0.5354	0.0418  0.3680	68.2170  4.4780	1.013159	2	22787.9702014924	8	22492
11763	145.5966  5726.1538	143.2396  16393.0996	24.1859  8549.0479	2.5565  25240.1465	0.5055  15455.0400	0.0912  2189.3362	20.1011  144630.2812	69.34483	2	1559704.0639019	8	22492
16518	145.6921  11273.6611	143.6913  23077.4434	24.2817  8307.9170	2.7012  27191.8203	0.3610  20613.5059	0.0618  3578.9534	25.0459  147215.1719	60.64804	2	1364095.78939677	8	22492
16689	145.9709  13786.3701	143.4010  19102.8125	24.1079  10710.2910	2.8189  36153.3867	0.5307  19591.8828	0.0613  7796.3008	39.4506  319179.2188	102.9875	2	2316394.21681595	8	22492
21097	-99 -99	-99 -99	-99 -99	-99 -99	-99 -99	-99 -99	-99 -99	-99	-9	-99	-99	-99
15435	146.2329  25464.9512	144.2586  31518.6348	25.1297  101635.1562	2.1450  168463.2500	1.8496  484169.3438	0.0542  4654.6855	39.9801  307721.0312	37.79664	2	850122.085435867	8	22492
13746	145.5091  4375.1919	143.5944  53480.6875	24.3454  95550.3047	1.9212  98807.7500	0.6869  116408.7266	0.0352  1218.8768	-7.2646  192731.6406	53.07747	2	1193818.54396296	8	22492
19198	-99 -99	-99 -99	-99 -99	-99 -99	-99 -99	-99 -99	-99 -99	-99	-9	-99	-99	-99
13474	-99 -99	-99 -99	-99 -99	-99 -99	-99 -99	-99 -99	-99 -99	-99	-9	-99	-99	-99
19715	31.5597  12.1826	66.9148  7.1104	4.2772  0.5017	336.4490  63.6702	0.4656  0.0337	0.2325  0.0351	-58.7401  0.6939	1.184754	1	26647.4818740781	8	22492
13803	-99 -99	-99 -99	-99 -99	-99 -99	-99 -99	-99 -99	-99 -99	-99	-9	-99	-99	-99
16923	-99 -99	-99 -99	-99 -99	-99 -99	-99 -99	-99 -99	-99 -99	-99	-9	-99	-99	-99
12768	146.3771  8228.9170	143.6927  93805.7969	24.6019  36497.5312	1.9508  98358.9141	0.7975  62341.8789	0.0500  10566.2607	41.7701  981231.3125	88.47103	2	1989890.43697166	8	22492
12253	123.7837  11.0142	-133.7514  615.5103	6.1200  12.6053	933.6633  10553.3711	2.1607  16.6350	0.1133  0.1767	0.8250  3.3242	1.045172	2	23508.0098564768	8	22492
21024	145.6373  18812248064.0000	143.0101  811381696.0000	24.6377  12390643712.0000	1.6492  93644021760.0000	0.8511  31620591616.0000	0.0296  2010618112.0000	0.3251  27616317440.0000	33.89435	2	762351.709032566	8	22492
18939	145.3664  267378.6562	142.6251  5783866.0000	24.4477  5624155.0000	1.4845  1287286.6250	0.9292  230774.2500	0.0438  75407.5703	-1.7339  4054526.5000	46.96617	2	1056363.10902367	8	22492
20089	-99 -99	-99 -99	-99 -99	-99 -99	-99 -99	-99 -99	-99 -99	-99	-9	-99	-99	-99
18585	146.0914  27815.0234	143.6706  14348.5557	24.5157  7801.7627	1.9597  23936.1738	0.1625  23378.9863	0.0500  5065.6108	53.6027  121435.2344	61.10878	2	1374458.65265465	8	22492
7492	147.3248  0.0000	145.4699  0.0000	31.5290  0.0000	1.000e-02  1.774e-12	0.2063  0.0000	0.0500  0.0000	-18.4327  0.0000	1.088938	2	24492.3834678026	8	22492
20968	145.6961  21715.6035	142.9070  189352.2656	24.3801  100208.6641	1.5694  202397.0469	0.8911  40958.5000	0.0515  1660.1476	-1.6114  235584.0000	31.41585	2	706605.334108889	8	22492
16268	145.8098  7906.7441	143.8887  12105.1152	24.5887  9871.6377	1.4767  23898.8301	1.1573  77043.8984	0.1046  3511.5598	26.9271  363822.2812	32.40232	0	728792.920268059	8	22492
20904	145.4880  2574.1562	142.6996  13479.3271	24.1151  13396.3779	1.8187  26297.9668	0.7347  41088.9766	0.0528  3597.6021	-16.8284  216980.0781	85.42037	2	1921275.01786995	8	22492
13096	146.2039  21458.1035	142.4088  115751.6719	20.2512  197103.0938	1.9431  1026568.4375	18.8764  3853557.2500	7.308e-03  4.711e+01	-10.5514  2047.9835	42.78263	2	962267.008142791	8	22492
21180	95.8690  17.0871	32.6390  14.8849	8.2263  0.0775	96.0910  7.5176	0.0708  0.0158	0.3184  0.0270	-51.8870  3.8856	1.482144	1	33336.3738243452	8	22492
17296	-99 -99	-99 -99	-99 -99	-99 -99	-99 -99	-99 -99	-99 -99	-99	-9	-99	-99	-99
16307	143.1320  5.0217	156.1699  31.9967	10.7743  1.3405	25.2745  28.8635	0.0499  0.0357	0.2740  0.1778	-7.9457  2.7178	1.992073	2	44805.698160131	8	22492
18983	145.8299  10944.4775	143.3123  14176.1650	24.4761  11233.8691	1.8188  28432.9512	0.9727  60484.6250	0.1109  4437.6660	38.7770  294211.9375	48.99239	0	1101936.8282094	8	22492
11897	145.4188  8522.3633	142.6002  28384.3496	24.0411  19217.0176	3.3781  48433.6484	0.6832  20925.9453	0.0532  1229.6412	-5.2959  425341.9375	33.68373	2	757614.367330432	8	22492
13628	145.6811  101576.6562	143.1559  3252787.2500	23.3948  3774708.5000	4.8582  43476156.0000	15.9965  74431384.0000	7.398e-03  1.502e+03	1.7187  128925.4062	47.6919	2	1072686.24479008	8	22492
11588	145.4981  114200.8516	142.9960  331118.8750	24.1449  7278542.0000	2.1333  21396536.0000	0.5786  78679480.0000	0.0220  2862340.2500	-10.2535  159195232.0000	56.95438	2	1281017.85960002	8	22492
17271	145.3915  2024689.7500	143.3309  39270364.0000	15.0552  481742304.0000	0.0137  2207091.7500	2.1896  144560992.0000	0.0415  17346074.0000	-22.6333  2240774656.0000	31.44481	2	707256.54174912	8	22492
16450	146.2147  0.0099	143.5062  0.0034	24.4203  0.0010	1.8462  0.0000	0.1980  0.0008	0.0317  0.0019	18.1084  0.0000	94.37833	2	2122757.30046272	8	22492
9449	-99 -99	-99 -99	-99 -99	-99 -99	-99 -99	-99 -99	-99 -99	-99	-9	-99	-99	-99
14754	146.1493  65935.7031	144.1516  60363.2852	25.2009  142425.2031	2.2083  238863.8750	1.5878  458502.7188	0.0515  8535.5547	47.7831  501271.5000	86.53554	2	1946357.32965469	8	22492
6792	146.0636  0.0106	143.3258  0.0083	23.7538  0.0010	3.4302  0.0005	0.0569  0.0015	0.0241  0.0571	39.2630  0.0005	86.80779	2	1952480.94352341	8	22492
16999	146.3265  16087.4092	144.4972  4159.4448	24.8200  20730.5078	1.5250  44169.6836	1.3943  150794.7656	0.0896  5214.5864	65.8025  439242.2188	44.61703	2	1003526.28858948	8	22492
10235	145.6028  2201.5515	143.3548  17040.5840	23.5681  17270.0781	4.1920  122560.6719	2.0964  97661.5078	0.0583  1097.0155	-6.1837  133208.7031	107.4192	2	2416072.86483765	8	22492
20093	-99 -99	-99 -99	-99 -99	-99 -99	-99 -99	-99 -99	-99 -99	-99	-9	-99	-99	-99
12660	145.3470  917.5020	146.3459  223.1137	19.3840  173325.6094	0.0147  6347.8335	19.9960  1711715.5000	0.0557  185.3575	-76.3259  18116.4062	10.96971	2	246730.760449983	8	22492
12048	-99 -99	-99 -99	-99 -99	-99 -99	-99 -99	-99 -99	-99 -99	-99	-9	-99	-99	-99
20948	95.0320  5.1035	38.0362  7.8536	5.3814  79.4641	133.6069  4889.2856	0.0505  0.0011	0.3567  0.0022	-32.8779  1.2634	0.2344829	0	5273.98932557763	8	22492
20223	144.9631  372719040.0000	142.5747  2966833920.0000	24.3040  14457323520.0000	1.5121  44644438016.0000	1.6179  24015669248.0000	6.089e-03  9.669e+06	-26.5122  194072928.0000	48.81234	2	1097887.02562088	8	22492
18261	146.7149  17345.9062	145.1857  6496.4556	25.1616  24168.9355	1.9557  76696.5703	1.8199  161201.5781	0.0840  4932.0933	-76.8807  320414.4688	8.385254	2	188601.130357764	8	22492
18821	121.5047  2370.0540	59.1803  1578.7272	5.5453  0.1357	644.1551  253.1928	0.0685  0.0126	0.0743  0.0489	-56.2849  13.3933	1.115546	2	25090.8641278951	8	22492
11237	151.1818  257.2645	109.2172  132.6555	5.6260  2.0003	420.6812  763.5547	0.0688  0.0074	0.0889  0.1590	-62.6884  0.4868	1.858705	2	41805.9923167831	8	22492
7258	145.8325  0.1816	136.9913  5.4432	10.7200  257.3485	0.0283  9.5325	10.3313  654.1990	0.0283  0.0299	0.4393  3.5115	1.068064	2	24022.8983799561	8	22492
9667	119.2943  0.5431	101.7972  0.5583	7.0185  912.7199	0.0105  6.3296	5.9271  650.9363	0.0510  0.0500	-45.9268  2.4990	0.999198	2	22473.9604803933	8	22492
11685	-99 -99	-99 -99	-99 -99	-99 -99	-99 -99	-99 -99	-99 -99	-99	-9	-99	-99	-99
20270	145.4993  3640.0439	142.6650  125455.4219	24.3492  681934.1250	2.9100  2489439.7500	5.4979  5893951.5000	0.0638  10029.5762	1.3060  541672.4375	74.68069	2	1679717.97929192	8	22492
7981	145.7181  34590.5469	143.1805  12340.5244	24.3981  7789.6953	1.5944  15675.5898	0.5361  32194.9336	0.0798  3163.4199	10.0860  1505132.1250	87.8381	2	1975654.71305275	8	22492
12715	145.7373  5595.7300	142.9018  31073.8184	23.8246  11450.1035	3.9679  61310.1562	0.7881  24926.3438	0.0698  1495.1964	9.2047  111826.6641	35.36852	2	795508.718438268	8	22492
10839	145.5948  14350.1328	143.5946  167995.7344	23.7602  101130.2109	17.3390  2413502.5000	1.9725  222322.9531	0.0874  3896.1011	-2.9755  413934.7500	37.2877	2	838675.015369862	8	22492
14978	146.6387  9003324.0000	143.5480  12797206.0000	24.5916  13290493.0000	1.6820  22574134.0000	0.1487  37498936.0000	0.0329  1712818.0000	51.3521  279304320.0000	44.6735	2	1004796.463377	8	22492
19509	145.6273  0.2763	142.4248  1.4467	16.0012  0.6439	3.0475  10.1434	0.0507  0.6639	0.1102  0.0962	-6.1811  12.1733	1.415229	0	31831.3313873217	8	22492
15710	-99 -99	-99 -99	-99 -99	-99 -99	-99 -99	-99 -99	-99 -99	-99	-9	-99	-99	-99
18818	146.8993  0.2943	102.8836  1.8123	14.1789  0.3732	12.8346  16.0344	0.0387  0.1210	0.1308  0.0335	-4.1349  2.1285	1.055753	2	23745.9933031448	8	22492
19212	145.1085  15.0878	145.2574  12.3967	16.5269  2669.3828	8.800e-03  5.695e+01	19.9967  24097.5742	0.0497  3.5670	-51.6259  121.4704	1.292691	2	29075.2043307989	8	22492
7339	84.7563  46.0908	139.6719  34.4388	4.6856  0.1291	286.6987  34.3050	0.1150  0.0033	0.1426  0.0172	54.2985  1.1886	0.2847704	1	6405.05544669878	8	22492
19890	134.9744  0.0000	126.6517  0.0000	16.7291  0.0000	7.918e-03  1.670e-06	1.6997  0.0000	0.0500  0.0000	79.3086  0.0000	1.001716	2	22530.6023544906	8	22492
19489	145.6324  3184.5369	142.5028  31715.5879	23.3116  13389.0713	5.8124  116056.1328	1.2483  28933.1875	0.0662  968.5809	4.9440  95786.1875	108.6247	2	2443187.48871708	8	22492
17260	148.9507  1.8302	147.9430  1.5316	16.0103  1.9415	1.7989  4.1063	0.5110  1.5890	0.7129  1.3357	73.9557  205.8210	1.306691	0	29390.0992588171	8	22492
10638	125.5977  23.0213	142.7429  24.9800	4.7064  0.2433	155.0477  27.5255	0.1189  0.0093	0.4571  0.0636	-45.2112  1.6309	0.9147424	1	20574.3842817028	8	22492
19526	-5.2811  92.0976	128.9165  4.8026	5.8045  14.9451	1677.3245  19151.3086	2.0695  6.6874	0.1337  0.1211	-89.4386  5.7603	0.9986569	2	22461.7905258816	8	22492
15893	128.2839  4.4051	150.0094  1.9421	9.5760  0.1182	45.6213  0.0056	0.0277  0.0054	0.7103  0.0303	-9.7201  11.9601	1.251309	2	28144.4319614758	8	22492
19965	146.2499  74479.5391	144.0704  61004.8477	25.2404  134353.6562	2.3574  222036.1875	1.4996  486646.3438	0.0519  12489.5068	47.6334  727364.6250	55.16969	2	1240876.75815868	8	22492
19718	144.7005  1.6905	130.3651  1.4296	11.4876  0.3420	12.7657  4.8927	0.9688  0.3579	0.9661  0.2755	-13.8540  308.2110	1.021951	0	22985.7126581107	8	22492
18188	-99 -99	-99 -99	-99 -99	-99 -99	-99 -99	-99 -99	-99 -99	-99	-9	-99	-99	-99
15183	146.0781  31785.0059	144.2400  32697.8809	25.0226  115219.3281	2.0515  156031.4375	2.1245  514764.3125	0.0522  4869.4170	42.9077  365091.5312	39.93106	2	898129.468231678	8	22492
19033	139.7286  55.0960	126.7392  10.0543	17.4923  252.6109	50.8304  26972.0879	7.7595  1636.6567	0.0518  2.0731	-76.4895  206.5453	1.029884	2	23164.1438420462	8	22492
20587	-99 -99	-99 -99	-99 -99	-99 -99	-99 -99	-99 -99	-99 -99	-99	-9	-99	-99	-99
16025	58.0486  3248.7429	212.4232  311382.4688	17.0522  2738.7786	153.7466  137566.7031	0.7808  447.1518	0.0391  49.5037	0.5986  1158.3318	1.242271	2	27941.1695113861	8	22492
14143	145.3692  1993.4030	142.1630  4705.4756	20.9415  690126.6250	0.0133  23383.8242	19.5331  7170146.0000	0.0577  2299.4858	17.8251  159071.9688	51.81487	2	1165420.03961158	8	22492
18368	145.9033  0.5634	143.6880  0.4191	14.3919  0.3542	2.9797  4.6638	0.0501  0.2779	0.6854  0.2399	47.6270  26.1849	1.12426	0	25286.8536080542	8	22492
18989	145.3723  0.0000	156.3665  0.0000	55.4496  0.0000	376.9370  0.0000	8.0166  0.0000	0.9491  0.0000	-32.1951  0.0000	1.014564	2	22819.5827878296	8	22492
18008	-247.6333  613.3344	138.8992  32.7555	8.1398  2544.9697	378.7995  443953.9688	0.0616  0.1713	0.0294  0.0463	-89.4372  5.7409	1.016202	2	22856.4138475478	8	22492
13690	145.5224  4202.7881	142.9999  26628.1895	23.9049  10108.9111	3.4078  40040.6836	0.5474  20187.9922	0.0660  1595.6031	9.9073  176572.5000	42.54697	2	956966.373229504	8	22492
19592	145.7507  47095.8828	143.4918  21926.5195	24.5077  8984.6006	2.2515  205214.0156	0.0265  14171.3848	0.0851  1461.8508	26.4493  1775956.2500	81.68461	2	1837250.1937117	8	22492
14450	146.4994  38838.8945	144.4370  29013.5977	25.2903  40830.3320	1.8866  106730.7109	2.0430  323838.3125	0.0546  7793.9932	60.5009  380073.0938	46.21679	2	1039507.92663142	8	22492
15461	145.8066  128408.3281	143.4459  310757.1562	24.3489  89113.6328	1.5266  228821.0156	0.3044  320508.4688	0.0453  8696.9043	30.5038  3886002.5000	29.37346	2	660667.793424823	8	22492
13410	145.6313  62784679936.0000	142.8582  501302460416.0000	24.5600  2533724258304.0000	1.6386  251577286656.0000	0.7965  51026812928.0000	0.0336  4114311680.0000	-0.2636  74068443136.0000	67.25227	2	1512638.05548573	8	22492
19642	-99 -99	-99 -99	-99 -99	-99 -99	-99 -99	-99 -99	-99 -99	-99	-9	-99	-99	-99
10530	-35.9858  132.3809	-353.0741  487.8502	4.5216  1.2111	441.1097  365.4116	0.0677  0.0413	0.1627  0.0901	-15.1871  0.7383	1.176102	2	26452.8915925136	8	22492
20724	141.8231  25.5887	163.1454  288.8677	12.0006  3.9018	77.6740  228.5968	0.1289  0.1696	0.0245  0.0583	5.0203  1.0966	1.040506	2	23403.0503479674	8	22492
10625	145.4517  2458.3848	142.6803  26810.4414	23.1868  9500.0283	5.1400  65687.8203	0.9011  18300.6309	0.0766  867.8310	-6.0386  106727.1875	117.1355	2	2634612.72397506	8	22492
20572	142.0479  2.6470	146.5253  5.1411	13.5057  0.6925	9.2113  6.4584	0.4853  0.5266	0.2298  0.1629	26.4196  10.2161	1.03114	0	23192.4082104102	8	22492
15567	70.0659  2.7270	119.6605  1.9139	5.4500  53.4461	106.1854  2613.5254	0.0489  0.0018	0.6366  0.0212	28.2886  1.1874	1.34219	2	30188.5438116543	8	22492
6941	146.3891  45909.6484	144.0615  48176.4727	25.1858  182800.7031	2.2592  323614.9375	1.6267  637634.8125	0.0563  6232.9121	42.9987  231818.1562	73.92973	2	1662827.63086987	8	22492
12337	145.5992  2538146.5000	143.6652  1073027.7500	24.5901  303454.5312	1.9598  1355101.6250	0.1207  2786423.2500	0.0433  102865.8359	-11.1177  103186888.0000	20.5921	2	463157.417253703	8	22492
19098	145.0195  583177984.0000	141.1440  163638640.0000	21.7468  405856714752.0000	7.944e-03  1.613e+08	1.0407  131396493312.0000	0.0500  40336596992.0000	36.5665  890810990592.0000	1.045088	2	23506.1132669027	8	22492
8931	144.4486  146.8382	143.3303  684.1976	14.3281  131.3788	1.2567  3194.7969	0.0379  43.4423	0.0416  151.3301	8.5787  9385.8369	74.8753	2	1684095.171175	8	22492
19771	145.2619  4721.3022	142.3225  12135.8604	24.2005  9130.4014	1.5635  19247.6289	1.2634  62001.4570	0.0641  2987.2034	-16.4441  366580.8438	41.9549	2	943649.465742528	8	22492
14683	146.3529  41126.0391	144.0704  33017.7852	25.3345  52533.5078	2.5245  153977.2031	1.2032  212995.2656	0.0415  3416.4465	57.9529  572903.5000	85.99776	2	1934261.50884819	8	22492
12469	-99 -99	-99 -99	-99 -99	-99 -99	-99 -99	-99 -99	-99 -99	-99	-9	-99	-99	-99
13331	135.1517  363320.3750	128.1283  304840.5312	28.2560  465278912.0000	9.046e-03  1.978e+06	1.1309  1171971968.0000	0.0376  18306330.0000	-55.2719  900055232.0000	1.275694	2	28692.9145540585	8	22492
17329	146.4186  72139.7969	144.5043  35559.8633	25.3525  215384.1094	1.9310  303548.0938	1.6773  803541.0000	0.0373  4852.8857	63.8193  544128.9375	75.07535	2	1688594.71937609	8	22492
12194	145.2520  2.1734	145.4923  0.1514	15.5049  45.7486	2.0434  269.9284	19.9896  1562.1857	0.9204  6.4768	-19.7860  2535.9790	1.996997	2	44916.4510889535	8	22492
11273	146.5492  18814.0625	145.8317  11620.1055	24.5521  11975.5264	1.9201  28384.4395	0.7994  49707.1641	0.1311  4794.9873	-81.7282  411233.2188	24.84803	0	558881.963688612	8	22492
13813	137.1529  795.4590	46.8393  814.7731	2.8410  4.0016	1177.4458  4337.0747	0.1887  0.0280	0.0480  0.1766	-44.3128  2.0555	0.7199655	2	16193.4631932196	8	22492
8025	-99 -99	-99 -99	-99 -99	-99 -99	-99 -99	-99 -99	-99 -99	-99	-9	-99	-99	-99
16218	146.4174  76150.4219	144.8980  25733.0176	24.8255  31446.7676	1.7896  60752.2461	0.2271  53050.4844	0.0587  5520.5107	85.7055  623836.8750	89.38102	2	2010357.85185486	8	22492
15472	145.9948  32527.5527	143.5490  36364.1523	25.0081  55958.9258	2.0091  127654.9922	1.7103  302335.6562	0.0539  3510.2834	40.6926  348056.5938	47.32499	2	1064433.66677856	8	22492
11943	145.8616  6669.5469	143.5339  11053.4648	24.4883  14654.8066	1.7436  15617.9707	0.1025  18193.5371	0.0500  1942.0607	32.2680  184219.9688	65.3617	2	1470115.42007637	8	22492
11668	145.9324  0.0057	144.1967  0.0041	11.5726  0.0751	259.6219  0.0004	0.2988  0.1565	8.274e-04  8.506e-05	-35.5905  0.0130	1.034538	2	23268.8340860444	8	22492
21210	147.0260  0.0005	145.3587  0.0011	25.0973  0.0002	1.7480  0.0001	0.3221  0.0000	0.0228  0.0016	-64.5665  0.0000	10.10798	2	227348.741764963	8	22492
13377	-99 -99	-99 -99	-99 -99	-99 -99	-99 -99	-99 -99	-99 -99	-99	-9	-99	-99	-99
19547	144.7740  0.0002	142.9824  0.0000	16.3250  0.0000	0.4651  0.0000	0.0332  0.0000	0.0652  0.0000	3.0239  0.0000	1.006023	2	22627.476813573	8	22492
19916	-99 -99	-99 -99	-99 -99	-99 -99	-99 -99	-99 -99	-99 -99	-99	-9	-99	-99	-99
13620	-99 -99	-99 -99	-99 -99	-99 -99	-99 -99	-99 -99	-99 -99	-99	-9	-99	-99	-99
12073	146.7673  0.7763	139.4461  0.7922	15.1507  0.5039	2.5854  12.2243	0.0396  0.4646	0.9568  0.4748	65.7850  343.0635	1.073099	2	24136.1356151105	8	22492
13726	146.1079  99091.1172	143.5436  87710.9531	24.4502  26354.5508	5.2776  114251.6484	0.1508  24930.5723	0.0797  3368.7217	48.4136  338607.4062	66.60283	2	1498030.83870888	8	22492
20534	145.3995  4872.1157	142.5402  13367.3604	24.0991  9570.5400	2.3552  31178.9863	0.9507  34907.5469	0.0592  1056.0125	-9.5531  365328.0312	40.9244	2	920471.519920349	8	22492
20174	-99 -99	-99 -99	-99 -99	-99 -99	-99 -99	-99 -99	-99 -99	-99	-9	-99	-99	-99
18894	146.8904  0.7622	140.4910  3.2142	13.9641  0.2905	10.2234  5.6058	0.0521  0.1048	0.1727  0.0545	-11.7723  2.5346	1.067032	0	23999.6904582151	8	22492
14247	146.3813  40481.8711	144.2200  20920.9238	25.2968  72245.7578	2.2637  152891.0156	1.6585  463145.2812	0.0553  6083.7197	66.5427  402021.4062	53.25809	2	1197880.93788767	8	22492
7002	145.9708  40594908.0000	143.7726  104469272.0000	24.6250  128530240.0000	1.8393  71592584.0000	1.0987  37746392.0000	0.0116  1062471.5000	26.2334  37109104.0000	16.53856	2	371985.332050636	8	22492
20657	149.7221  790897759354880.0000	145.9771  757402047610880.0000	51.0041  21699315093209088.0000	3.0297  45770014774525952.0000	10.2893  448097442684993536.0000	0.0500  131954036965376.0000	46.3067  4718972373041152.0000	1.028916	2	23142.3835830639	8	22492
10949	-99 -99	-99 -99	-99 -99	-99 -99	-99 -99	-99 -99	-99 -99	-99	-9	-99	-99	-99
18467	-99 -99	-99 -99	-99 -99	-99 -99	-99 -99	-99 -99	-99 -99	-99	-9	-99	-99	-99
20635	-99 -99	-99 -99	-99 -99	-99 -99	-99 -99	-99 -99	-99 -99	-99	-9	-99	-99	-99
12132	-99 -99	-99 -99	-99 -99	-99 -99	-99 -99	-99 -99	-99 -99	-99	-9	-99	-99	-99
16030	145.7847  4920.2603	143.6880  23255.2344	23.9616  13572.2217	3.3371  64805.7461	1.1016  44891.1875	0.0739  1783.5555	9.5281  141745.2344	52.60746	2	1183246.92798531	8	22492
14137	131.4046  17.8357	112.0672  13.9053	10.2884  329.1016	0.0127  4.7820	4.4368  735.1904	0.0523  0.9496	50.3721  135.5224	1.363587	2	30669.7952793551	8	22492
19022	148.8450  20.9049	145.4762  1.1530	13.3459  2.0352	9.6946  15.6455	0.1328  0.2222	0.3238  0.4503	87.7116  14.4688	1.019463	0	22929.7519623046	8	22492
20000	145.8104  1084202.1250	143.9933  8288328.5000	24.5923  10988841.0000	2.2130  5664253.0000	1.9488  3031572.2500	8.966e-03  4.025e+03	8.2331  556521.6250	136.8961	2	3079066.31103468	8	22492
21098	147.4012  0.5956	141.9056  0.7816	14.9205  0.4537	2.6418  0.8093	0.0752  0.2845	0.7247  0.2810	29.7568  46.3663	1.091672	0	24553.8778962888	8	22492
13709	143.4151  3.2121	143.2900  4.6381	13.3626  0.7259	12.0341  9.1588	0.0900  0.1674	0.1699  0.1422	36.0169  4.0046	1.504313	0	33834.9989655054	8	22492
12066	-99 -99	-99 -99	-99 -99	-99 -99	-99 -99	-99 -99	-99 -99	-99	-9	-99	-99	-99
19056	-99 -99	-99 -99	-99 -99	-99 -99	-99 -99	-99 -99	-99 -99	-99	-9	-99	-99	-99
19374	146.4776  28872.1836	145.1335  18544.4512	25.1704  18859.6992	1.5913  38781.0859	0.6136  85486.2031	0.1006  10011.3145	-78.7608  708475.9375	122.8416	0	2762952.71335962	8	22492
