# ID	x	x_err	y	y_err	mag	mag_err	re	re_err	n	n_err	q	q_err	theta	theta_err	chi	flag	chi2	nfree	ndegrees_freedom
19771	148.6298  46.9909	152.1110  22.2646	28.7747  513.6934	5.8579  8641.1748	0.0512  312.7412	0.0503  74.1335	57.6010  4112.2046	0.4151347	2	37357.9730156739	10	89990
6109	148.3939  23185.4629	149.0181  4610.9189	22.0133  542.8492	1.000e-02  2.806e+01	1.6243  4671.3506	0.8403  1319.0791	76.0733  1637617.3750	0.5158502	2	46421.3661957357	10	89990
11220	145.2229  0.4589	152.2920  0.3784	24.3167  0.8708	39.1308  120.0035	19.6434  24.5468	0.5849  0.0929	51.0451  8.6747	0.5615276	2	50531.8717101765	10	89990
20316	148.8194  0.6946	150.8264  0.4678	25.3921  0.0852	9.3272  1.0647	0.5454  0.1873	0.4850  0.0776	-61.8866  6.2056	0.5119147	0	46067.199552207	10	89990
12132	149.6064  0.8210	150.6277  0.7694	26.0410  1.5784	4.4104  14.0256	19.3554  56.4750	0.1451  0.1019	-84.9535  5.3032	0.4689163	2	42197.7750280423	10	89990
16102	150.0805  0.1129	150.1525  0.1270	21.7418  0.1521	60.4524  33.6714	19.6377  4.5247	0.5870  0.0131	-35.7500  1.3432	0.3277709	2	29496.101404231	10	89990
16999	151.3398  0.5175	150.5395  0.2477	27.3807  7.7451	1.8746  18.5043	0.0881  25.6860	0.0872  1.3151	71.9392  56.7826	0.3401528	2	30610.3522404302	10	89990
12389	148.8231  1.1525	150.1375  1.5490	27.1762  1.8165	1.3275  5.0869	19.9796  96.5159	0.0498  0.1648	-88.7199  8.8576	0.4267265	2	38401.1154774447	10	89990
20413	149.8191  1.7276	150.4430  1.1387	27.6733  2.2042	17.6686  115.8671	19.3376  80.1622	0.0501  0.0898	79.6803  5.1814	0.4926847	2	44336.6965114606	10	89990
5929	145.6960  0.5270	151.6531  0.2790	24.0808  0.0370	16.7042  0.7326	0.3082  0.0511	0.3514  0.0219	75.1079  1.5471	0.4223652	0	38008.6426660861	10	89990
13123	146.5028  0.9177	149.6641  0.6519	25.7445  0.1059	11.1024  1.3360	0.1716  0.1469	0.4866  0.0750	82.4491  7.0139	0.5855947	0	52697.6655553869	10	89990
14557	85.8595  0.0526	83.8688  0.0440	19.7083  0.0057	9.4100  0.0969	2.5821  0.0307	0.7595  0.0063	82.7959  0.8804	0.3995436	0	35954.9261482844	10	89990
14015	149.5459  0.0000	148.2690  0.0000	27.6007  0.0000	9.800e-03  2.882e-09	0.9845  0.0000	0.2166  0.0000	32.3549  0.0000	0.4821272	2	43386.6265050138	10	89990
9741	150.6258  25.5063	149.5480  3.1763	22.6483  255.5502	8.672e-03  4.187e+00	7.9446  1039.8197	0.2232  56.0690	10.4033  2640.5525	0.6867608	2	61801.608398924	10	89990
10220	149.7221  11.0583	150.6161  3155.3325	26.4184  3974.7544	1.000e-02  5.799e+01	3.7438  10350.9814	0.2719  1306.6809	89.3232  3470816.5000	0.5379852	2	48413.2883484197	10	89990
19489	148.9465  6.3366	152.2714  2.3685	26.9476  18.1328	5.3211  49.7843	0.1555  8.9528	0.0381  0.3222	84.0426  190.3330	0.6131857	2	55180.5837904441	10	89990
15614	149.0090  0.0000	150.0613  0.0000	25.7176  0.0000	1.000e-02  4.741e-08	2.3418  0.0000	0.1715  0.0000	87.6252  0.0000	1.078611	2	97064.161470818	10	89990
17959	150.4207  38.8127	149.0711  50.5037	28.1130  6899.4062	8.233e-03  1.641e+02	7.1037  45314.5547	0.9239  533.9518	-56.6750  190102.7969	0.5482829	2	49339.9798429383	10	89990
11292	145.8292  1.7078	149.4120  0.7873	27.1316  2.7634	5.1728  21.8233	0.2655  7.5879	0.0507  1.6552	83.1612  115.0277	0.6560614	2	59038.9602692758	10	89990
11871	166.8776  0.1162	244.1705  0.0801	20.1279  0.0069	30.0259  0.4143	2.8302  0.0576	0.6507  0.0047	73.2454  0.4984	0.3542635	0	31880.1692417558	10	89990
21187	149.4988  11.4462	144.2324  12.4119	28.7031  16.9834	4.0880  68.8031	0.6983  3.7548	0.0141  0.6253	38.0802  53.5837	0.4557103	2	41009.3662060242	10	89990
8188	150.8544  0.3843	149.3876  0.3297	24.4745  0.0640	4.6474  0.6864	1.7362  0.4724	0.5529  0.1020	88.2064  9.1217	0.5987939	0	53885.466888466	10	89990
20709	148.1687  1.0070	149.9681  0.7566	26.6976  1.1282	6.1408  4.8070	0.5553  1.5956	0.0500  0.3642	-69.7774  7.7427	0.5276732	2	47485.3154045389	10	89990
17615	149.2539  155598.7812	150.0011  328.5049	25.6434  675.8129	0.0101  5.7779	1.2451  15644.5771	0.3943  252.9821	84.6111  39890.6758	0.4058366	2	36521.2380413155	10	89990
17296	151.2999  21.8240	150.6728  13.8118	27.7610  11.1926	11.2696  424.1664	0.0346  4.4048	0.0199  0.1932	58.6590  11.3929	0.5136077	2	46219.5565636017	10	89990
12918	148.5668  0.3756	150.5383  0.6223	24.9382  0.0717	8.3816  0.8775	0.5295  0.1693	0.3867  0.0657	5.3992  4.5584	0.5507718	0	49563.9568148719	10	89990
19261	149.6125  15.4934	150.6018  39.2831	27.3674  1407.7094	4.2169  6172.9146	0.1220  452.7628	0.0579  448.0607	0.6305  16971.7598	0.5526287	2	49731.0574873126	10	89990
19442	173.3804  0.1509	121.4118  0.2812	22.1104  0.0197	17.4661  0.4323	1.2930  0.0509	0.4160  0.0125	24.8993  0.8804	0.5314091	0	47821.5030120856	10	89990
21024	151.0608  3.4478	149.6928  0.1607	25.1368  0.7338	1.8589  3.8886	3.4559  7.4246	0.0109  0.0059	87.4840  0.3841	0.5962777	2	53659.0339825505	10	89990
13893	147.2330  10306.5225	150.7236  5696.6133	23.8420  108.8358	9.773e-03  1.556e+01	1.5645  2243.9092	0.7547  2151.1851	-78.3266  476920.1875	0.5023156	2	45203.3864729698	10	89990
13783	148.8518  12.3267	150.7460  14.9466	27.9815  140.2193	4.0348  605.0850	0.0196  18.8990	0.0500  9.6090	72.7767  11005.4355	0.5014385	2	45124.4517740429	10	89990
13474	150.1237  2.6956	150.6228  0.7678	25.8836  145.9318	0.5891  158.8187	1.2485  810.7682	0.0440  78.9959	79.3464  3376.3298	0.4098864	2	36885.6747237415	10	89990
8023	152.3560  0.6838	149.5812  0.5569	25.4281  0.0933	5.8812  0.9303	0.4222  0.3370	0.7780  0.1261	79.6914  25.1702	0.5528055	0	49746.9691029256	10	89990
9156	186.0897  0.8233	190.1935  0.3125	22.3538  0.0156	66.4213  0.9323	0.7041  0.0311	0.4252  0.0056	71.4608  0.4381	0.3919638	0	35272.817659246	10	89990
11973	149.7330  0.1902	150.5739  0.0922	21.8084  0.0182	9.9117  0.2862	1.1772  0.0492	0.2581  0.0151	75.7247  0.7914	0.6154374	0	55383.2175361126	10	89990
11936	73.4547  0.2822	261.6830  0.3302	19.7884  0.8383	2532.4543  4239.9438	12.4637  3.7844	0.7278  0.0162	6.4862  2.1548	0.4599242	2	41388.574229219	10	89990
12337	150.7480  235.2765	149.8245  37.3502	27.1766  1305.8525	0.0140  52.2832	3.1983  5638.5537	0.0836  2461.4866	67.8688  57756.8047	0.6054184	2	54481.6076477044	10	89990
18202	148.9266  0.5471	149.1165  0.6036	26.0814  0.1194	0.5324  1.9100	3.7648  15.8817	0.9136  1.9596	-10.0375  689.6622	0.443731	0	39931.3492794145	10	89990
8931	150.2140  0.1668	150.9125  0.1842	22.1882  0.0182	11.1469  0.3412	2.4020  0.1278	0.8219  0.0232	14.3292  4.3164	0.4474085	0	40262.2895386031	10	89990
20269	150.1823  1.0237	150.9687  0.3969	26.1193  49.9277	3.5211  42.6517	0.3030  11.5205	0.0491  16.2462	60.7454  179.5473	0.5473253	2	49253.7972878843	10	89990
15552	147.3241  2828.5339	150.5104  3115.5764	25.1708  3101.8303	1.000e-02  1.481e+02	2.3676  7638.3296	0.0465  2255.6140	84.8592  38192.9727	0.3577663	2	32195.3890726091	10	89990
19592	152.8086  0.4460	144.6152  0.6029	24.0287  0.0428	18.7737  0.8444	0.5546  0.0699	0.1918  0.0198	37.2512  0.9665	0.4659809	0	41933.6193949669	10	89990
9583	149.7504  0.5023	149.2456  0.4598	24.5763  0.0625	7.4796  0.7157	0.8040  0.1986	0.8145  0.0750	-56.2859  16.7336	0.5781196	0	52024.9807872823	10	89990
12768	148.9509  0.4294	150.6254  0.4158	25.4667  0.1013	4.5588  1.0557	0.6037  0.5536	0.3702  0.2144	-41.6152  11.1745	0.5920755	0	53280.8720145067	10	89990
16307	149.0497  0.6004	150.1197  0.8586	26.7868  0.1486	4.5824  2.0426	0.0837  1.2263	0.8674  0.2074	31.6555  85.1324	0.4595219	0	41352.3766410684	10	89990
15491	151.3293  0.4822	151.0472  0.6543	25.6765  0.1264	3.7604  1.2437	0.7175  0.7240	0.7742  0.2291	-49.0732  47.1150	0.8863487	0	79762.5139249136	10	89990
11098	148.7551  0.3335	149.1013  0.3087	24.2229  0.0520	6.1358  0.5507	0.7914  0.1937	0.8591  0.0700	59.0822  21.3813	0.5453745	0	49078.254800542	10	89990
15960	106.6978  4.4461	212.2552  1.8903	19.4272  4.2970	1823.1368  5447.1123	2.2175  1.4910	0.4281  0.0259	66.6599  1.4922	0.3586797	0	32277.5870293297	10	89990
11712	148.9470  1.9783	148.3392  4.6046	28.3469  101.9613	4.0546  248.1433	0.0585  56.0352	0.0516  15.1297	59.1073  724.1638	0.6152682	2	55367.9849554076	10	89990
11943	148.9142  0.5901	152.6166  0.9736	25.0919  0.8317	65.0164  169.7307	15.0204  16.7437	0.1787  0.0451	28.0342  2.9262	0.5140046	2	46255.272467701	10	89990
13393	150.6914  0.1149	150.7388  0.1011	20.9200  0.0782	1.6655  0.2513	19.9842  5.2524	0.5943  0.0293	24.1288  2.6610	0.7817388	2	70348.6754367702	10	89990
16119	96.0938  0.5711	272.0234  1.2541	23.0256  0.0327	28.6438  0.9783	0.3104  0.0235	0.9302  0.0297	-22.1194  17.1991	0.5598698	0	50382.6872601266	10	89990
12704	144.7992  0.6849	150.5937  0.4129	25.0316  0.0654	12.5030  0.8797	0.2281  0.0968	0.4312  0.0436	-77.1187  3.3705	0.3718024	0	33458.502584629	10	89990
18441	166.4916  0.7264	147.7455  0.4811	25.1610  0.0697	19.0566  7.9561	0.0521  0.1080	0.5063  0.0347	78.4412  3.0662	0.4493184	0	40434.166155375	10	89990
16450	152.6547  0.0000	149.5278  0.0000	27.3346  0.0000	3.2335  0.0000	0.1733  0.0000	0.0296  0.0000	70.9410  0.0000	0.562948	2	50659.6967847076	10	89990
20948	151.6750  1.7716	151.7822  7.7826	27.0953  21.6926	1.2090  57.0249	1.1517  111.8565	0.0626  33.2405	-81.7311  439.7204	0.6394675	2	57545.682431662	10	89990
16518	150.2920  14.4703	148.4794  11.2838	26.0628  146.0703	1.3998  286.0904	0.4232  185.4926	0.0597  10.3273	82.8265  8100.8311	0.5772401	2	51945.8347853473	10	89990
9667	141.4177  0.8731	150.5562  0.3361	25.2002  0.2425	11.0690  15.5321	0.0490  0.2207	0.1220  0.0512	-89.6238  4.7398	0.7086859	2	63774.6495402285	10	89990
18623	-99 -99	-99 -99	-99 -99	-99 -99	-99 -99	-99 -99	-99 -99	-99	-9	-99	-99	-99
20572	151.1467  0.0000	151.3226  0.0000	27.8849  0.0000	0.0107  0.0000	1.4163  0.0000	0.4250  0.0000	-47.9379  0.0000	0.546721	2	49199.4220473579	10	89990
19509	-99 -99	-99 -99	-99 -99	-99 -99	-99 -99	-99 -99	-99 -99	-99	-9	-99	-99	-99
17744	165.5022  81.4246	175.0171  148.0341	22.4285  3.1951	798.3039  2385.1326	0.5532  0.0776	9.108e-03  2.709e-02	-28.8143  0.1535	0.3897814	2	35076.4232770944	10	89990
16689	149.9743  0.2668	151.3053  0.3466	24.2466  0.0465	8.5493  0.5806	0.7557  0.1289	0.6547  0.0492	33.0921  5.8976	0.3997778	0	35976.0065122388	10	89990
12428	149.0036  17.5180	149.2515  2.5647	26.1235  7.6884	0.8965  12.1371	8.3247  35.8877	8.327e-04  6.240e-04	81.7012  0.0306	0.6141436	2	55266.7854162405	10	89990
9277	179.5635  0.6167	166.8983  0.6741	24.5478  0.0630	14.9468  0.8946	0.2868  0.0816	0.7772  0.0437	16.6140  9.4926	0.5936107	0	53419.0263157979	10	89990
12811	158.6609  0.3052	143.8652  0.4810	23.8497  0.0376	18.6997  0.6662	0.2427  0.0341	0.5143  0.0202	28.7772  1.9542	0.4590681	0	41311.5432747411	10	89990
12120	128.9863  0.2720	236.4999  0.3009	20.2142  0.9636	2597.3347  5612.4849	14.8012  5.6498	0.7581  0.0175	27.4529  2.6968	0.4908819	2	44174.4630717039	10	89990
18813	452.6581  227.1181	-444.7053  454.9723	19.1932  2.7524	298.6743  193.9835	0.4148  0.1287	0.0414  0.0166	26.5939  0.2909	0.5451423	2	49057.3564677612	10	89990
20427	148.3332  0.4797	149.7836  0.2637	23.1622  0.0338	16.3313  0.5985	0.5340  0.0589	0.4276  0.0207	67.9611  1.6652	0.5812687	0	52308.3703986605	10	89990
19808	159.4410  0.6899	153.9653  0.2883	24.5546  0.0593	21.5520  1.1579	0.4296  0.0785	0.1388  0.0234	-71.1487  0.7662	0.4912907	0	44211.246111099	10	89990
12297	148.7293  0.3642	149.2889  0.2831	23.3560  0.0310	15.6773  0.5279	0.6688  0.0539	0.6812  0.0227	-53.2210  3.0832	0.4610057	0	41485.9021288708	10	89990
9536	151.3892  0.5365	149.4685  0.6843	25.8477  0.0972	6.7403  1.4531	0.0970  0.3906	0.4233  0.1269	-8.7071  9.4385	0.4746804	0	42716.4915344071	10	89990
19540	150.1162  0.0000	150.2345  0.0000	24.4360  0.0000	7.935e-03  2.046e-08	2.8064  0.0000	0.2202  0.0000	-80.8422  0.0000	0.5807766	2	52264.0816103451	10	89990
21180	148.7988  4.1087	150.7956  1.0210	27.8446  0.2191	40.3559  3.6434	0.0887  0.1197	0.0989  0.0376	-85.4534  1.5293	0.4661263	2	41946.7028274516	10	89990
12448	151.2272  0.7321	149.3582  0.5501	26.7956  0.1874	3.8065  2.5982	0.2229  1.8184	0.1606  1.0657	55.6822  19.7269	0.5783472	0	52045.4626714683	10	89990
19526	153.1998  0.6167	151.2916  0.2780	24.1714  0.0527	13.2011  0.7929	0.4590  0.1138	0.2668  0.0331	-73.5445  1.8835	0.5642121	0	50773.4531011581	10	89990
8753	155.9998  1.0055	146.6298  0.6840	26.6185  0.1366	10.0886  53.4828	0.0435  0.5249	0.2112  0.1550	75.3881  8.4682	0.6000612	2	53999.5083595889	10	89990
18008	153.2165  0.5379	145.4929  0.8145	26.2173  0.4194	9.6722  2.1937	0.1282  0.2043	0.0698  0.1568	30.9013  4.0925	0.3624149	2	32613.7173764434	10	89990
8476	154.4857  2.7548	165.8571  3.9018	22.9712  2.0077	3173.7395  12739.8730	9.4092  9.7407	0.0225  0.0035	-35.0055  0.1764	0.5787979	2	52086.0258369846	10	89990
16268	147.9261  1.4640	150.6283  1.6240	27.9110  0.4739	6.6620  7.7134	0.0583  1.8871	0.2894  0.7689	60.2428  31.1851	0.3935641	0	35416.8361998692	10	89990
19098	193.4618  0.4690	131.4819  0.7568	24.3601  0.0572	14.3399  1.1137	1.3192  0.2521	0.4951  0.0450	8.1613  3.7468	0.5862933	0	52760.5312127865	10	89990
15893	64.2904  0.0000	149.9782  0.0000	28.5194  0.0000	0.0213  0.0000	0.4543  0.0000	0.3039  0.0000	-73.0894  0.0000	0.4364065	2	39272.2185020645	10	89990
8386	150.4240  0.8232	150.5565  0.8511	26.7684  0.1924	3.0475  3.3881	0.2742  3.0667	0.6940  0.4734	20.9679  71.6187	0.6099231	0	54886.9742934433	10	89990
15585	149.2684  0.2649	150.4096  0.3111	23.8540  0.0289	8.9719  0.4513	0.8202  0.0909	0.7624  0.0316	24.2832  6.3329	0.4038973	0	36346.7155836363	10	89990
16835	96.5092  347.5285	149.8172  384.0212	21.2893  4.3299	742.0274  2955.4358	0.1412  0.0180	0.0917  0.3648	-42.2031  0.9954	0.6082652	2	54737.7815589143	10	89990
19644	151.8477  0.0000	151.1407  0.0000	25.3339  0.0000	0.0100  0.0000	2.2127  0.0000	0.1630  0.0000	86.3998  0.0000	0.4443429	2	39986.4211166092	10	89990
12066	150.4909  0.7206	145.6679  0.4757	24.9107  0.0676	12.4688  0.9740	0.7087  0.1788	0.5211  0.0468	-70.3031  4.2037	0.5865816	0	52786.4745333202	10	89990
18993	148.6652  0.5769	151.1210  0.8553	26.4053  0.1690	4.4547  1.8002	0.6005  0.9707	0.3932  0.3155	32.0821  18.6451	0.6155795	0	55396.0039498153	10	89990
11540	149.8792  0.2053	148.2608  0.2452	21.2891  0.5975	625.7319  1148.4264	19.5566  8.0013	0.6344  0.0171	-12.6225  2.3891	0.5510343	2	49587.5749809073	10	89990
14056	148.9565  3.9778	148.9360  0.8059	27.8180  16.1670	3.1560  11.9752	0.6558  4.8420	0.0516  6.9098	48.3872  75.9886	0.3482773	2	31341.4766830561	10	89990
9923	148.4188  0.7107	150.1576  0.5668	24.7624  0.0684	9.9644  0.8899	0.4898  0.1563	0.7200  0.0613	-83.3433  10.3467	0.58207	0	52380.4770136429	10	89990
20270	148.6222  0.6235	148.4295  0.5186	25.7304  0.1113	6.1919  1.1671	0.7404  0.4242	0.5454  0.1431	46.7606  12.4124	0.5610172	0	50485.9400800325	10	89990
13803	150.3727  0.1070	148.5383  0.1560	21.2525  0.0095	21.6849  0.2648	1.8752  0.0453	0.6349  0.0069	-27.1012  0.6727	0.289318	0	26035.7297133036	10	89990
9449	149.1900  0.0000	147.9417  0.0000	28.2625  0.0000	2.2514  0.0000	0.1163  0.0000	0.0605  0.0000	-69.6574  0.0000	0.5087647	2	45783.7353855703	10	89990
6479	145.2807  4237.8833	145.8020  83948.0391	23.3726  4433.2129	5.548e-03  5.392e+00	2.4055  8027.3970	0.2041  337.5507	-10.3451  66566.3281	0.5574126	2	50161.5608611798	10	89990
15435	149.8800  0.6592	149.6436  0.9347	25.3331  1.1333	0.4733  1.8344	18.4595  32.0649	0.0685  0.0912	42.1911  4.1983	0.4064485	2	36576.302623881	10	89990
8058	157.4828  1.2682	147.5600  1.0338	27.4337  0.3250	1.5570  27.1965	0.7169  55.1253	0.2719  3.6030	50.6819  168.6601	0.5907406	0	53160.7491955879	10	89990
18939	150.8646  461.0455	150.0684  83.0904	29.3372  1202.0073	1.000e-02  6.157e+01	9.8893  20508.3750	0.0558  992.2743	46.4321  27560.0078	0.6574422	2	59163.221418835	10	89990
14769	140.5452  0.7504	146.5914  0.2884	23.8497  0.0406	29.3675  1.1603	1.0658  0.1182	0.2085  0.0121	-69.6487  0.7433	0.4818672	0	43363.2308311406	10	89990
12243	149.5547  1.3019	150.0848  0.7387	26.4219  0.6765	2.4766  2.6712	17.3463  42.2410	0.0500  0.0593	86.1229  3.1921	0.5063223	2	45563.9384727671	10	89990
15183	148.0549  0.7717	150.7129  0.6550	23.5203  0.9104	657.2812  1498.7604	12.9168  7.6132	0.1275  0.0108	-49.8784  0.7408	0.2996253	2	26963.2828699986	10	89990
8310	149.4728  0.1452	150.5452  0.2665	22.6293  0.0245	10.3770  0.3676	1.0317  0.0730	0.3345  0.0207	1.5170  1.2503	0.5199593	0	46791.1336841488	10	89990
12715	149.7283  0.2238	153.4904  0.6035	24.8108  0.0496	15.2485  0.7956	0.4982  0.0835	0.1243  0.0270	-0.7852  0.8266	0.3832634	0	34489.873846999	10	89990
13131	153.6265  1.0076	149.9354  0.7996	26.2163  0.1514	6.1655  1.4325	0.0666  0.7402	0.8267  0.1980	-64.9207  54.6303	0.473123	0	42576.3369766323	10	89990
18294	147.8898  0.4625	148.6364  0.6562	25.4353  0.0891	6.2737  0.9278	0.5079  0.2923	0.5506  0.1042	-8.2109  10.2992	0.5298219	0	47678.6695673101	10	89990
18186	148.4999  0.4236	150.5441  0.4836	24.8480  0.0687	6.2426  0.7130	0.7421  0.2225	0.7937  0.0903	10.7062  17.9105	0.4932235	0	44385.1813695915	10	89990
7981	151.1138  0.0000	149.7485  0.0000	27.3612  0.0000	0.0152  0.0000	0.7571  0.0000	0.0617  0.0000	14.6905  0.0000	0.5089583	2	45801.1571028903	10	89990
13675	150.0349  0.1063	149.8574  0.1153	22.9913  0.0286	2.6059  0.2702	1.2029  0.4201	0.7901  0.0744	45.3005  15.7279	0.5016429	0	45142.8405765783	10	89990
6792	147.5213  0.8139	148.3928  0.4519	25.2173  0.0876	11.4458  1.1393	0.2750  0.1582	0.3550  0.0602	-66.3923  4.0707	0.577702	0	51987.4047012978	10	89990
13308	150.3776  0.2787	151.3185  0.3428	22.9467  0.0294	12.0205  0.5031	1.6032  0.1223	0.7295  0.0325	9.3864  4.4001	0.5655753	0	50896.1240393614	10	89990
16718	152.5891  1.2418	151.8170  1.5144	27.2807  0.2214	5.4246  2.3419	0.6256  0.8802	0.8180  0.3107	-10.3260  77.3342	0.5811136	0	52294.4089782139	10	89990
20100	142.6741  0.7862	150.8184  0.4492	25.6513  0.0878	7.3884  1.1439	0.5647  0.2656	0.3547  0.0952	83.8183  6.6004	0.4710042	0	42385.6647815657	10	89990
18188	150.3288  0.6399	152.1293  0.5744	26.2760  0.1561	2.8980  2.2099	0.2753  2.2041	0.8761  0.3797	65.9235  128.7486	0.4864497	0	43775.6122892053	10	89990
19916	151.7040  1.3829	152.9118  0.5750	25.6106  0.0824	29.1264  1.9802	0.1989  0.0729	0.2112  0.0252	-84.0246  1.4155	0.4635722	0	41716.8642147594	10	89990
14350	148.3161  0.4723	150.8294  0.3984	24.4257  0.0642	9.4121  0.8251	0.3508  0.1516	0.4225  0.0558	48.5219  4.1414	0.5571237	0	50135.5592301246	10	89990
16167	150.1122  3.9122	151.4595  0.6853	27.4393  2.0640	16.6446  112.5049	19.4145  81.0254	0.0500  0.0976	73.0349  4.7793	0.468628	2	42171.8329186614	10	89990
15472	129.3762  0.4055	145.9141  0.3231	23.7367  0.0345	12.8155  0.4858	0.6428  0.0718	0.6821  0.0285	-87.0625  3.7700	0.3649543	0	32842.2333792324	10	89990
12737	150.4598  0.3705	151.8302  0.4743	24.5228  0.0457	11.6989  0.6067	0.6084  0.0934	0.6346  0.0391	-14.6944  4.3304	0.3261009	0	29345.8247506581	10	89990
12837	153.0591  0.7942	152.4669  0.7207	25.9190  0.1151	7.2218  1.4011	0.5165  0.4290	0.5276  0.1457	46.2940  14.0111	0.57643	0	51872.9382456412	10	89990
20200	345.4953  9.9353	122.6342  2.1443	19.2103  0.7275	20.2312  3.3808	1.8310  0.2154	0.6859  0.0374	-69.9950  2.9830	0.4646466	2	41813.5490666026	10	89990
7258	147.5512  0.4008	152.2994  0.4033	23.5058  0.0420	15.8725  0.6546	0.3255  0.0551	0.4544  0.0244	43.9711  2.1411	0.7068539	0	63609.7868530797	10	89990
19547	153.3833  1.8676	150.7067  0.0845	27.0564  1.5296	10.2376  18.6222	0.1322  1.7738	0.0360  0.0551	-87.1847  2.2299	0.5321063	2	47884.2486499174	10	89990
19391	159.7487  1.2141	144.1082  0.8850	27.0692  0.2007	3.0398  2.0585	2.1870  4.3704	0.4429  0.3877	-83.8869  36.1775	0.56907	0	51210.6051652566	10	89990
14450	149.4999  0.8135	151.1047  0.5501	25.6653  0.1744	4.4569  1.8025	0.4568  1.1524	0.2739  0.4178	58.6719  15.7388	1.129962	0	101685.323811994	10	89990
19627	150.5320  0.6073	149.2975  0.9809	26.9956  0.2035	4.8368  3.0481	0.0838  2.0188	0.5252  0.2888	21.8201  25.1047	0.5794541	0	52145.0709120445	10	89990
9401	180.7636  0.3064	148.9994  0.1327	22.2061  0.0184	19.7991  0.4456	1.7384  0.0739	0.2665  0.0081	89.0765  0.4134	0.4502496	0	40517.9632473665	10	89990
21114	147.7146  0.7977	150.2658  0.2934	26.7234  3.3213	8.3036  68.2184	0.0454  0.8451	0.0569  0.1561	-79.3305  4.8775	0.4907528	2	44162.8397752387	10	89990
10638	148.7197  0.8555	148.3756  0.6375	26.3826  0.2058	6.2582  23.9266	0.0523  1.1327	0.4175  0.2380	-62.0449  16.8270	0.4594022	0	41341.6065056009	10	89990
11596	150.4500  0.3281	153.9529  0.7941	24.3019  0.0574	14.2375  0.9759	0.9006  0.1626	0.2460  0.0340	0.1624  1.8976	0.6018466	0	54160.1745866909	10	89990
13806	144.9671  0.5678	149.8036  0.9227	25.9761  0.1287	9.5529  72.0842	0.0304  0.9633	0.5216  0.1394	-8.5512  10.5407	0.5912462	2	53206.2508896246	10	89990
21069	154.2774  0.7192	154.7024  1.0029	25.5809  0.0929	15.1915  1.6246	0.7037  0.2089	0.2522  0.0502	-35.3461  2.9294	0.5470794	0	49231.6764918696	10	89990
10235	151.2094  87.8214	148.6386  34.4514	31.9876  12.2311	1.3087  200.1712	1.9094  604.8006	0.1263  128.9759	-6.2364  4332.2510	0.6044631	2	54395.6331876387	10	89990
9917	149.8793  0.0000	149.9184  0.0000	24.8944  0.0000	9.633e-03  2.018e-08	1.4324  0.0000	0.4874  0.0000	75.7513  0.0000	0.5009347	2	45079.1086188538	10	89990
20587	151.3472  0.4405	152.3274  0.6352	23.0916  0.9873	442.6342  1112.7673	13.1305  8.7494	0.3922  0.0249	28.5370  2.2969	0.5010408	2	45088.6579386065	10	89990
7478	156.4012  0.2783	156.9352  0.2065	21.8516  0.0178	30.9143  0.3981	0.2986  0.0162	0.1873  0.0052	-52.4814  0.3028	0.5454233	0	49082.6472088097	10	89990
21098	-99 -99	-99 -99	-99 -99	-99 -99	-99 -99	-99 -99	-99 -99	-99	-9	-99	-99	-99
21210	151.6664  8.6011	149.5359  1161.2759	23.5991  857.8856	7.115e-03  4.300e+00	3.6972  825.7624	0.2969  52.5373	86.7002  101190.5625	0.6234056	2	56100.2719938332	10	89990
19483	182.8669  0.1141	171.7280  0.1167	22.7163  0.0376	0.9803  0.4636	2.6610  1.8621	0.1428  0.6165	37.2659  10.0800	0.575314	0	51772.5051289055	10	89990
17291	150.8569  0.4926	151.3431  0.6154	25.4499  0.0937	5.7455  0.9581	0.5863  0.3106	0.5622  0.1328	16.2827  12.2615	0.5380104	0	48415.550408174	10	89990
7663	160.6488  0.7000	150.7989  0.2815	23.6908  0.0421	20.7896  0.8530	0.3410  0.0462	0.2522  0.0180	-82.2945  1.1336	0.580128	0	52205.7185842771	10	89990
8017	149.7782  0.0000	148.6902  0.0000	28.3196  0.0000	0.0105  0.0000	0.6499  0.0000	0.0744  0.0000	58.0331  0.0000	0.5655853	2	50897.024785127	10	89990
13735	149.6700  1010.4147	150.7607  3.3623	21.8753  344.1278	4.844e-03  2.634e+00	5.3860  1024.7301	0.2965  152.6433	-9.2367  68.4065	0.6128597	2	55151.2443489296	10	89990
10212	-94.2679  79.8072	124.0492  54.4732	17.6839  7.0862	27.2123  44.8588	1.6487  1.1892	0.4581  0.0734	41.3993  8.6917	0.5092468	2	45827.1219436969	10	89990
19997	150.2047  1.6067	150.2392  1.5479	24.3215  9.0800	0.0101  0.3928	19.6166  187.3806	0.8697  2.9412	-20.5855  681.5509	0.653263	2	58787.1329050194	10	89990
13344	151.9016  0.8931	150.2354  0.8176	28.1519  0.2635	1.5124  102.6526	0.0852  289.7914	0.7735  18.2279	60.9831  3588.3970	0.4510919	0	40593.7588180002	10	89990
17088	-68.7058  39.9443	688.5998  83.8194	17.4510  0.3727	370.2263  26.8642	0.5570  0.0123	0.0330  0.0026	25.5271  0.0346	0.2571668	2	23142.4386197691	10	89990
19642	147.0751  0.8786	152.5977  1.1622	26.5099  0.3644	9.3774  65.3564	0.0307  0.8929	0.5796  0.2095	23.1401  17.6055	0.5732785	2	51589.3381888842	10	89990
16401	-99 -99	-99 -99	-99 -99	-99 -99	-99 -99	-99 -99	-99 -99	-99	-9	-99	-99	-99
20905	149.9933  0.0000	151.2903  0.0000	27.1504  0.0000	0.0104  0.0000	2.5656  0.0000	0.2440  0.0000	74.1871  0.0000	0.5370837	2	48332.1676605487	10	89990
13619	148.5411  2.5348	149.9783  2.1058	25.1281  8.6776	0.0256  1.0248	13.5507  168.7117	0.6591  3.8589	-17.2132  388.8681	0.6145893	2	55306.8944403699	10	89990
13261	271.0144  287.7052	247.9372  410.4858	21.9293  2.1645	645.9450  1260.6821	0.2992  0.0267	0.0478  0.0925	-35.0235  0.5616	0.4636528	2	41724.1210240741	10	89990
11273	116.5474  0.1460	181.6817  0.2596	22.7445  0.0275	11.0048  0.5233	2.0734  0.1327	0.2208  0.0186	-29.3592  0.8731	0.5776027	0	51978.4673913213	10	89990
19965	163.8149  1.4213	146.0843  0.5788	25.6278  0.0656	29.7367  2.0733	0.0918  0.0716	0.2095  0.0251	-83.5355  1.3793	0.4725443	0	42524.2658702952	10	89990
7339	150.1642  0.3256	150.2712  0.2013	23.9088  0.0433	6.3172  0.4731	0.4975  0.1466	0.3701  0.0596	88.2189  3.3750	0.5197082	0	46768.535188018	10	89990
7492	149.7781  0.1833	150.8105  0.1704	22.7584  0.0257	9.3655  0.3952	1.6180  0.1097	0.7699  0.0310	41.4859  5.0672	0.5163926	0	46470.1680529939	10	89990
11685	137.2303  1.0686	160.0822  1.0907	25.4972  2.1424	83.0179  405.4385	9.3268  16.3976	0.8572  0.2784	36.4376  61.9949	0.5272627	0	47448.3750800327	10	89990
11156	151.1111  0.3694	144.7008  0.6058	24.5737  0.0627	13.1725  0.8869	0.5212  0.1416	0.3268  0.0403	13.8949  2.6665	0.5531781	0	49780.4989740579	10	89990
13202	150.9978  0.3683	149.7712  0.4106	25.9659  0.0920	3.0352  1.0288	3.3190  2.2420	0.1884  0.1917	24.5978  6.7211	0.3753335	0	33776.2609566977	10	89990
17789	-99 -99	-99 -99	-99 -99	-99 -99	-99 -99	-99 -99	-99 -99	-99	-9	-99	-99	-99
8025	224.7508  20.4722	-10.9331  43.8616	23.1204  0.3108	163.9600  27.7306	0.4869  0.0618	0.0590  0.0091	25.1162  0.2677	0.5723012	2	51501.3836092335	10	89990
17066	150.1665  0.3540	149.5841  0.3121	25.9172  0.0965	2.7119  7.3908	0.0577  3.5730	0.4862  0.4239	69.4878  37.4452	0.3851041	0	34655.5163897835	10	89990
13813	150.6299  2.0801	149.6663  1.1123	21.2968  6.6858	0.0154  0.2007	16.3573  35.3004	0.0393  0.0664	-70.9824  2.8529	0.8908017	2	80163.2484255403	10	89990
14978	150.3796  7151.3379	149.5776  998.4249	26.7240  28019.3496	0.0108  41.1314	1.0327  7709.6743	0.0661  777.7367	76.4629  93502.8594	0.4836198	2	43520.9443668247	10	89990
19033	-99 -99	-99 -99	-99 -99	-99 -99	-99 -99	-99 -99	-99 -99	-99	-9	-99	-99	-99
19718	149.3620  0.0000	149.6648  0.0000	23.8473  0.0000	6.245e-03  1.557e-07	2.6236  0.0000	0.2290  0.0000	-78.7976  0.0000	0.3263987	2	29372.6152891619	10	89990
20395	129.1434  2.0202	185.9064  3.6194	22.9269  0.0521	150.9573  10.6654	0.9059  0.0711	0.1855  0.0089	30.1562  0.4115	0.4830563	0	43470.2347315691	10	89990
19237	-99 -99	-99 -99	-99 -99	-99 -99	-99 -99	-99 -99	-99 -99	-99	-9	-99	-99	-99
12660	148.9723  0.7340	151.1379  0.8967	27.0878  0.2562	0.7953  6.2832	1.7826  25.5425	0.8652  2.9083	3.4796  755.6968	0.5187797	0	46684.9853404264	10	89990
12690	128.9063  0.2674	125.5090  0.3382	23.3618  0.0211	21.6031  0.5774	0.4045  0.0291	0.3681  0.0122	-37.5718  0.8492	0.3731898	0	33583.3500026903	10	89990
18650	151.0721  4.8341	149.7174  2.2220	26.2336  2.9593	1.6623  5.2887	2.3801  6.7373	9.576e-03  8.173e-02	80.9582  17.4328	0.558162	2	50228.9964006044	10	89990
21022	155.0953  24.6289	149.4747  2.5520	27.1099  709.1453	6.2549  5276.7080	0.0779  311.3167	0.0591  85.3677	87.2009  5884.2598	0.549935	2	49488.6535567524	10	89990
18894	150.1023  0.6546	149.7757  0.7673	26.6477  0.1801	1.9878  2.5397	1.1631  4.5197	0.2405  1.0725	-17.3362  38.3330	0.5750592	0	51749.5734553227	10	89990
14379	152.3496  1.1206	150.4462  0.5936	26.2319  0.4969	6.4780  1.9047	1.1137  0.6869	0.0527  0.3995	74.4593  5.1108	0.6619621	2	59569.9665339261	10	89990
17532	150.9058  0.2781	148.0092  0.3416	25.0952  0.0514	7.0366  0.6230	0.8205  0.1780	0.6272  0.0614	31.6609  6.6990	0.3977003	0	35789.0457867221	10	89990
19022	148.4447  0.4796	148.5645  0.7791	24.3730  0.0581	14.4437  1.1026	1.1955  0.2303	0.4913  0.0448	8.5441  3.7571	0.5972601	0	53747.4399474698	10	89990
16079	-99 -99	-99 -99	-99 -99	-99 -99	-99 -99	-99 -99	-99 -99	-99	-9	-99	-99	-99
14400	149.7528  0.3161	149.9644  0.2103	25.2108  0.0506	4.9034  0.5175	0.4866  0.2326	0.3495  0.0938	78.6775  5.0427	0.1366259	0	12294.9654618836	10	89990
14143	238.2545  4.6819	282.9215  6.1795	19.6022  0.6829	3296.1272  2411.8721	3.3978  0.7227	0.0649  0.0021	-37.4255  0.1616	0.3514488	2	31626.8755403669	10	89990
14075	139.3633  0.2133	132.6228  1.0457	23.1429  0.0282	69.2478  0.8210	0.1460  0.0133	0.1623  0.0034	-10.8611  0.2318	0.4545369	0	40903.7752674805	10	89990
13936	146.7507  0.1736	16.4857  0.2705	19.7304  0.0544	264.2697  28.8134	5.4178  0.3083	0.0977  0.0014	-32.5754  0.0976	0.3221271	2	28988.219069642	10	89990
18368	137.6081  0.5649	143.6093  0.3465	23.5980  0.0273	28.8318  0.7026	0.7762  0.0687	0.5173  0.0158	-65.8285  1.5461	0.3341311	0	30068.4553851269	10	89990
9746	148.8555  0.4490	150.3762  0.5202	25.4740  0.0990	3.6070  0.9300	0.9953  0.7501	0.8223  0.1956	-16.9591  46.5950	0.5781261	0	52025.5680897923	10	89990
19630	148.0270  0.7455	149.0267  0.5278	26.1816  0.1122	7.1111  1.2273	0.5312  0.2927	0.2658  0.1401	-88.4072  5.7164	0.4786229	0	43071.2729118881	10	89990
6941	149.8163  0.8391	147.6288  0.9208	25.4270  0.0906	17.1610  1.3064	0.1463  0.0750	0.7855  0.0476	-24.4610  12.1017	0.5878786	0	52903.1990411018	10	89990
19464	150.9318  0.8896	150.0007  0.4843	26.1764  53.3063	5.0338  95.8705	0.2050  27.5060	0.0543  8.0926	-83.9106  157.6831	0.6031911	2	54281.1693122058	10	89990
13709	150.0654  0.0000	149.1156  0.0000	28.4910  0.0000	1.6925  0.0000	0.1134  0.0000	0.0485  0.0000	-74.7225  0.0000	0.5521193	2	49685.2155751828	10	89990
13063	147.6306  0.1275	150.0790  0.1773	21.0525  1.0274	5.972e-03  2.278e-02	19.9987  16.5785	0.5313  0.2199	-65.9897  14.4438	0.5364831	2	48278.1129384362	10	89990
19725	144.2670  1.0773	149.3486  1.0500	26.9761  6.6042	5.5593  277.9546	0.0549  48.6052	0.0220  6.7342	-45.4507  206.1984	0.4561696	2	41050.7032485953	10	89990
15276	141.6471  0.2685	176.1131  1.0396	24.3940  0.0501	29.4950  1.1895	0.2805  0.0402	0.1245  0.0127	13.3448  0.5250	0.4164002	0	37471.8549033054	10	89990
12158	150.7647  0.7791	151.0318  0.7010	24.4993  0.5520	95.2599  185.8259	18.9186  15.0758	0.0785  0.0156	60.8312  0.8146	0.484539	2	43603.663417806	10	89990
12253	150.0510  0.5756	149.5440  0.5178	25.1419  0.0874	5.4599  0.8551	0.6874  0.3257	0.7923  0.1316	-65.2887  25.5658	0.6150769	0	55350.7701488581	10	89990
21097	140.4983  5.0664	164.1010  10.5778	21.7050  0.1730	483.2849  87.9572	1.0327  0.0792	0.0604  0.0094	25.7395  0.2538	0.436267	2	39259.6655479489	10	89990
11588	149.5635  4284.4058	149.6730  1346.2611	26.1017  5288.2446	0.5534  1987.6353	0.0918  13453.4824	0.0574  5213.3857	-82.9413  4586.8423	0.6340966	2	57062.3556352057	10	89990
20465	-99 -99	-99 -99	-99 -99	-99 -99	-99 -99	-99 -99	-99 -99	-99	-9	-99	-99	-99
21041	149.7091  0.6957	148.1131  0.4530	27.8019  34.0271	1.6118  90.4909	0.1164  141.8087	0.1041  10.2641	71.7285  377.6336	0.5678738	0	51102.9613037665	10	89990
18927	148.7402  0.0000	150.3699  0.0000	25.6726  0.0000	0.0100  0.0000	2.5102  0.0000	0.0655  0.0000	83.6611  0.0000	0.5098667	2	45882.8987979594	10	89990
19325	149.3247  0.5935	150.4766  0.7187	25.4616  0.0964	6.9865  0.9968	0.3959  0.2495	0.6670  0.1094	1.2903  14.1826	0.6029207	0	54256.8300024924	10	89990
20324	151.4079  0.6486	149.8419  0.4062	25.6207  0.0861	6.6874  0.9987	0.6797  0.2746	0.3608  0.1061	-86.4365  6.0425	0.4656211	0	41901.24593285	10	89990
6528	-99 -99	-99 -99	-99 -99	-99 -99	-99 -99	-99 -99	-99 -99	-99	-9	-99	-99	-99
15306	149.6306  2.0460	150.4197  1.5389	27.7314  80.0984	5.9772  435.4398	0.1102  43.4295	0.0339  5.4718	83.0949  250.1255	0.382364	2	34408.9331802782	10	89990
6093	134.4179  80.4467	147.9121  20.1994	22.2966  42.5360	4.115e-03  4.320e+00	2.0620  241.4540	0.0261  27.2424	-75.0421  85.9050	0.523384	2	47099.3260637655	10	89990
19198	256.5005  0.2776	85.1614  0.4470	21.8672  0.0180	37.0480  0.4440	0.6880  0.0313	0.4433  0.0081	8.7258  0.6085	0.54806	0	49319.9211008268	10	89990
19677	148.9836  0.7884	149.5166  0.2726	24.6454  0.1013	12.3036  1.4095	0.5218  0.1520	0.0591  0.0689	86.5678  1.3201	0.5878932	2	52904.5078379162	10	89990
17329	150.3204  1.4965	150.7151  1.1013	27.5680  2.5573	7.4249  60.1157	19.9851  122.7048	0.0881  0.2806	51.6174  14.0575	0.1591192	2	14319.1340455928	10	89990
11800	149.5888  15.7531	151.0453  615.4052	23.9685  3794.7998	8.222e-03  1.233e+01	5.1586  3551.6746	0.3314  5974.7437	81.2613  547742.6250	0.4516951	2	40648.0368668424	10	89990
10538	147.9361  0.3317	149.3828  0.3812	25.9373  0.1989	2.2981  58.2131	0.0565  23.8188	0.4670  0.6403	-27.1377  53.1104	0.4192677	0	37729.9000932627	10	89990
20635	149.7194  0.5209	149.2245  0.3629	23.9909  0.0492	12.8400  0.8317	0.6555  0.1152	0.1887  0.0323	-55.2959  1.5410	0.5707927	0	51365.6327962879	10	89990
19991	159.1059  0.6732	147.4778  0.2864	24.8691  0.0879	7.9291  0.9681	0.0684  0.3875	0.2095  0.0968	71.9852  4.5714	0.6090631	0	54809.5881119265	10	89990
12798	149.5350  0.2795	149.3640  0.2571	23.4171  0.0325	9.7364  0.3676	0.3093  0.0517	0.8672  0.0284	-56.9373  10.0228	0.3922148	0	35295.4109851905	10	89990
13129	151.9647  487955.2500	152.1164  327342048.0000	24.4241  623.4301	0.2214  128626064.0000	0.1851  322214112.0000	0.4629  514735008.0000	71.4867  59357839360.0000	0.5822219	2	52394.1496592182	10	89990
15547	150.0335  0.0000	149.2621  0.0000	25.0938  0.0000	1.000e-02  4.435e-08	2.2002  0.0000	0.2602  0.0000	88.1057  0.0000	0.3819736	2	34373.8069029443	10	89990
15461	148.8297  4.3067	149.0580  4.3273	27.1672  19.4645	3.6755  165.0261	19.9970  910.2035	0.8843  6.0611	6.2507  1619.7413	0.8850935	2	79649.5633178549	10	89990
20934	151.9235  1.4954	147.6903  1.1354	27.4359  0.2197	5.7307  1.8692	0.0722  1.7469	0.6396  0.2394	-88.4501  44.6598	0.6596132	0	59358.591151237	10	89990
11764	150.8124  1.0392	150.3617  0.2478	23.3743  0.3452	0.3268  0.3927	9.2305  6.4095	0.0556  0.0864	56.6051  3.8071	0.6650544	2	59848.2485976234	10	89990
19192	-99 -99	-99 -99	-99 -99	-99 -99	-99 -99	-99 -99	-99 -99	-99	-9	-99	-99	-99
19212	151.2695  1.0733	148.9092  0.9823	26.0839  3.7798	5.2563  6.0111	0.0713  2.8684	0.0420  0.1418	-65.4276  112.3626	0.5871984	2	52841.9834125759	10	89990
18983	150.4530  0.7147	150.8031  0.6374	26.1954  0.1375	5.7789  1.4825	0.0823  0.6539	0.7131  0.1745	-51.4957  26.3428	0.5632446	0	50686.3833352314	10	89990
19715	150.2244  10.7805	148.9894  0.8468	27.2863  602.4078	2.1183  374.8019	0.0921  35.9578	0.0761  106.8043	-49.0281  13631.1006	0.5173658	2	46557.746813041	10	89990
11948	148.3965  0.3843	270.7746  0.4172	21.0784  0.1185	113.3364  18.3937	3.0635  0.3005	0.5213  0.0092	44.5670  0.8011	0.4888181	1	43988.7446805913	10	89990
19405	149.8910  0.5388	150.8943  0.4447	26.3907  0.1398	3.2282  1.7735	0.2936  1.5199	0.7129  0.3241	84.9470  48.1978	0.5334285	0	48003.2353932679	10	89990
18989	149.1519  0.4241	152.9202  0.4211	23.8765  0.0435	15.0323  0.7305	0.6495  0.0854	0.7698  0.0363	43.0855  6.5131	0.5403137	0	48622.8248420536	10	89990
11999	153.6902  0.7693	154.3303  0.7997	25.3587  0.0840	14.5626  1.4192	0.4495  0.1756	0.2146  0.0452	-42.5319  2.4890	0.5561101	0	50044.3487079338	10	89990
12414	-160.6148  105.7090	206.4885  30.4189	18.8533  2.2677	212.9438  554.7470	4.5876  14.0220	0.5666  0.1310	64.5552  7.8652	0.5372055	2	48343.1271267964	10	89990
6989	149.6289  2.3651	150.6026  1.2930	26.7343  11.5470	3.1145  2.3890	0.5595  9.6453	0.0503  7.0573	76.1509  447.1929	0.573276	2	51589.110236567	10	89990
16218	145.5740  0.4491	147.4521  0.4756	25.0493  0.0550	7.9411  0.6614	0.6592  0.1672	0.8638  0.0642	-26.6086  19.4507	0.4555143	0	40991.7369069187	10	89990
19374	149.4959  2.8328	151.2020  17.4739	22.2423  79.4674	4.329e-03  5.098e-01	14.3137  239.5502	0.0858  2.9807	88.8949  104.6054	0.6165285	2	55481.3955892592	10	89990
13467	151.8063  7.1523	146.7442  69.4339	23.7306  219.2943	9.835e-03  2.741e-01	3.4519  844.0636	0.6342  257.9230	75.5863  148004.7031	0.4501525	2	40509.2235039955	10	89990
12368	150.0799  0.0000	149.8880  0.0000	24.4255  0.0000	9.997e-03  2.891e-08	1.1286  0.0000	0.8176  0.0000	-85.8768  0.0000	0.5654287	2	50882.9284863432	10	89990
20438	148.3711  1.4107	150.8982  0.5456	26.8236  1.7603	2.8906  5.3059	0.9379  1.6220	0.0539  2.4578	74.1702  38.2671	0.590918	2	53176.7117896834	10	89990
20567	151.7579  0.0284	150.7665  0.0345	20.0049  0.0058	4.8280  0.0634	3.8869  0.0776	0.6645  0.0091	41.7338  0.9848	0.301994	0	27176.4390423691	10	89990
20886	150.2002  0.8427	148.8965  0.8940	25.2912  0.0814	12.2539  1.0666	0.5093  0.1424	0.8771  0.0715	-15.2620  27.2442	0.5661114	0	50944.3641477348	10	89990
19443	150.7281  1.7453	149.9948  1.4350	25.8980  3.2998	1.4246  1.2684	2.1004  7.0581	0.0544  1.4082	71.3486  51.5957	0.5863602	2	52766.5569074326	10	89990
10903	149.0974  0.6064	150.3880  0.1739	27.1059  1843.0074	3.0983  8564.7227	0.0453  110.5380	0.0210  54.7012	78.2045  5148.2290	0.6288103	2	56586.6446618846	10	89990
19625	153.7897  1.8923	148.9777  0.6652	25.5314  2.5185	5.5598  25.8830	0.4393  4.9032	0.0212  0.0722	72.8633  10.4881	0.4921099	2	44284.9683760046	10	89990
12232	145.2265  0.8978	155.4468  1.2452	27.1128  0.5110	7.9817  110.0160	0.0319  1.6886	0.3266  0.2201	56.8286  19.5109	0.513064	2	46170.626047295	10	89990
11937	79.2285  452847896363008.0000	170.1811  1542182632685568.0000	60.3106  123113699941548032.0000	1.000e-02  5.469e+14	6.6773  288617782201810944.0000	0.0500  7045234034737152.0000	-1.4961  193951978533945344.0000	0.5913489	2	53215.491882462	10	89990
15249	149.0038  0.3421	131.5704  0.6135	24.3454  0.0410	15.6934  1.0022	1.1094  0.2031	0.4692  0.0328	9.8188  2.8523	0.259739	0	23373.9097047381	10	89990
13096	149.5582  0.2340	150.8137  0.2488	23.0190  0.0330	9.7680  0.4783	0.8690  0.0972	0.3634  0.0288	40.8228  1.8654	0.6370667	0	57329.631307567	10	89990
7862	132.0012  0.0384	230.7169  0.0416	19.8396  0.0180	13.5675  0.6772	14.3385  0.7450	0.7245  0.0085	27.0324  0.9311	0.3671967	2	33044.0357972813	10	89990
16624	209.8970  0.0386	32.0214  0.0342	19.9669  0.0075	6.0642  0.0701	0.3228  0.0225	0.7071  0.0090	44.7123  1.3046	0.5070444	0	45628.9218957381	10	89990
13628	150.2576  0.6053	151.0595  0.4131	25.4121  0.0826	7.6269  0.9842	0.9799  0.3156	0.4697  0.0883	-61.8804  6.5187	0.4709052	0	42376.7540384362	10	89990
5953	147.8231  0.3424	151.6424  0.2501	21.4881  0.3895	412.7516  399.8530	12.0835  3.4205	0.4380  0.0117	71.0994  1.0889	0.5035289	2	45312.5663908024	10	89990
20534	150.4000  0.5127	149.2945  0.2657	24.5438  0.0593	8.3857  0.7587	0.7565  0.1993	0.3218  0.0541	70.9435  3.1747	0.509536	0	45853.1490677238	10	89990
13620	171.1377  0.3624	148.4824  0.2583	24.2789  0.0419	9.7643  0.5648	0.6911  0.1005	0.5919  0.0365	-57.0321  3.8784	0.3896996	0	35069.064827794	10	89990
13955	150.0155  0.0000	151.0435  0.0000	27.0269  0.0000	0.8510  0.0000	0.9126  0.0000	0.0131  0.0000	74.4964  0.0000	0.5788115	2	52087.2515832356	10	89990
14754	175.3430  0.6427	171.4006  0.2945	23.9722  0.0414	36.4059  0.9322	0.2872  0.0268	0.2200  0.0098	-68.2603  0.6217	0.4715761	0	42437.1364843785	10	89990
20306	150.4154  8379.0928	150.0418  7556.4219	26.8416  9005.1914	1.000e-02  8.848e+01	2.5743  6293.0254	0.0500  3355.3623	-82.2384  235.8279	0.480268	2	43219.3199464631	10	89990
15094	148.7742  11.5219	149.5438  5.9967	26.6527  139.0564	0.0656  80.3384	3.8744  3007.7793	0.4740  65.1802	-18.6417  9066.6660	0.4253529	2	38277.5039011258	10	89990
8860	149.5291  0.4458	148.7419  0.8179	25.6132  0.0917	8.0127  1.2318	1.6313  0.4557	0.2338  0.0770	6.4644  3.5080	0.5413007	0	48711.6432177675	10	89990
20223	146.3540  0.2645	149.4800  0.1729	22.3732  0.0206	17.9150  0.3813	0.4676  0.0275	0.2406  0.0102	-56.2820  0.6084	0.4700244	0	42297.4983637739	10	89990
13678	149.7106  0.4136	150.9535  0.3349	23.6740  0.0433	9.4592  0.5617	0.5540  0.0976	0.7282  0.0409	71.5213  6.7943	0.6125581	0	55124.1028539229	10	89990
12327	150.5263  74955.6406	152.7706  15488.8809	28.0214  955.9849	0.1453  1073.7023	1.2526  102580.7422	0.0501  4014.6638	71.8155  1690176.3750	0.4808751	2	43273.951973675	10	89990
10388	149.5358  3.6649	149.8967  0.4824	26.5269  1.0524	1.0330  1.8868	5.4755  12.6193	0.0639  0.8875	67.2936  19.6185	0.6594642	2	59345.1812195524	10	89990
11109	149.3610  0.4376	149.7288  0.5175	25.3515  0.2202	5.6431  2.2355	0.4057  0.5752	0.0678  0.3781	-41.1428  9.4946	0.5399815	2	48592.9414360462	10	89990
20614	151.1131  0.9476	152.2321  0.6942	26.4260  0.1533	9.2600  74.0203	0.0291  1.0902	0.4037  0.2697	-58.6396  9.7853	0.53985	2	48581.1024051275	10	89990
10462	150.6996  0.2890	147.9036  0.3844	24.4012  0.0416	10.0719  0.5883	0.8012  0.1139	0.6372  0.0375	-33.8332  4.5617	0.3577861	0	32197.1725544386	10	89990
17888	152.1048  0.6787	145.6656  1.1904	25.8695  0.1199	15.4155  11.0439	0.0542  0.3103	0.1882  0.0634	30.1913  3.2815	0.4623388	0	41605.8696531223	10	89990
20292	151.1312  0.5722	152.9926  0.7183	24.7151  0.0631	11.8360  0.8971	0.6836  0.1379	0.6920  0.0569	13.8310  7.7899	0.5228388	0	47050.2638635116	10	89990
18579	151.1505  0.6438	150.5632  0.7012	27.7425  0.3153	2.6694  325.0363	0.0475  15.0339	0.9677  0.7386	65.7042  889.2138	0.4859791	2	43733.262485275	10	89990
8487	146.5518  0.3914	153.2489  0.5884	25.0216  0.0716	8.8464  0.8131	0.3727  0.1483	0.4429  0.0649	16.2220  4.9339	0.5030339	0	45268.0184286621	10	89990
16025	158.2883  0.4185	184.1652  0.5085	24.3122  0.0533	9.1377  0.7312	0.3886  0.1222	0.7056  0.0543	28.2132  8.5253	0.6281022	0	56522.915368617	10	89990
20000	149.9649  0.2734	150.8831  0.3004	24.1569  0.0356	8.8935  0.5618	0.9874  0.1262	0.5489  0.0322	40.2098  3.4846	0.4093823	0	36840.3155937948	10	89990
20093	149.6233  0.6629	149.3724  0.6149	25.9658  0.1106	5.8282  1.3452	0.0613  1.0011	0.5473  0.1259	51.1335  14.9385	0.4938751	0	44443.8163469196	10	89990
20089	150.1845  2.7070	150.2477  0.4328	26.6517  0.9901	1.4324  1.4441	4.7620  7.9414	0.0516  0.4909	67.7766  12.0298	0.4934755	2	44407.856147809	10	89990
14911	149.1998  0.6490	150.3974  0.6466	25.6126  0.0873	9.1500  1.5020	1.9959  0.7714	0.7590  0.1158	-64.7085  19.5521	0.5061216	0	45545.8866987025	10	89990
20212	151.5491  1.0688	149.7542  0.7714	27.2335  0.2063	6.4773  1.8823	0.0636  1.6277	0.2905  0.3456	73.5104  27.5059	0.5638578	0	50741.5613270994	10	89990
15727	-99 -99	-99 -99	-99 -99	-99 -99	-99 -99	-99 -99	-99 -99	-99	-9	-99	-99	-99
19273	149.7239  0.7118	149.3349  0.8431	26.9952  0.1895	1.9669  2.7188	0.8276  4.5591	0.9960  0.8990	62.2857  7012.8384	0.5852107	0	52663.1133165671	10	89990
10730	149.8005  41.0993	149.8689  76.2312	24.7456  781.9896	0.0543  1945.4973	1.7923  41160.7383	0.6885  6831.1909	-52.1255  299881.8125	0.5282037	2	47533.0543480733	10	89990
13437	149.5665  0.6176	149.9292  0.7010	27.2064  0.2784	2.7652  1205.6201	0.0216  72.9227	0.7554  1.1521	67.7601  153.2996	0.4705886	2	42348.2681370867	10	89990
13331	149.1403  0.6899	150.3679  0.7925	26.4664  0.1622	2.3481  1.5367	6.8797  9.7638	0.0699  0.1897	76.3476  6.7239	0.5890229	2	53006.1745320972	10	89990
19890	150.9555  232.6477	150.3681  0.9933	23.4421  860.7988	0.0101  1.1524	3.8722  1589.1616	0.5002  181.7266	6.9707  399970.8750	0.9522588	2	85693.7667876891	10	89990
19889	149.4983  0.5974	147.4140  0.7847	25.9091  0.1242	6.0643  9.3439	0.0553  0.9764	0.7023  0.1944	5.9234  23.3192	0.5675992	0	51078.2503117979	10	89990
18467	150.9929  327.1500	150.8146  112.2593	28.4782  488.6236	0.1721  1630.5759	3.1293  16796.6426	0.0500  455.8661	-75.0396  8564.7695	0.548939	2	49399.0270979977	10	89990
12914	150.2996  0.3132	149.7723  0.2990	23.4354  0.1784	4.9688  0.4418	1.1320  0.2121	0.0271  0.0151	-65.4946  2.4370	0.5391095	2	48514.4601229253	10	89990
10653	149.4990  0.5552	150.9005  0.4553	25.3171  0.0844	6.7410  0.9672	1.0496  0.3186	0.6496  0.1023	-57.8939  11.5909	0.5088239	0	45789.0643764953	10	89990
18908	147.5763  0.5546	149.3442  0.4147	24.5456  0.0608	10.3047  0.9328	1.2305  0.2475	0.5184  0.0550	-63.2996  4.7890	0.5735005	0	51609.3099752945	10	89990
10625	149.9879  0.2081	149.9207  0.2641	22.8642  0.0267	9.3805  0.3626	0.9625  0.0820	0.6491  0.0288	-12.3500  3.1850	0.53526	0	48168.0442243601	10	89990
10839	153.0281  0.9165	150.0298  0.6040	25.8964  0.1077	17.7778  2.6998	0.1414  0.1658	0.0136  0.0200	-51.7318  1.2237	0.4652214	2	41865.2729872783	10	89990
12903	150.1068  0.6081	150.0018  0.4044	24.5384  0.0581	10.1572  0.7782	0.7568  0.1492	0.5511  0.0475	-88.9306  4.7445	0.5639939	0	50753.8108655465	10	89990
17271	157.5920  16.8804	144.1124  119.4639	23.0459  689.9943	9.220e-03  4.186e+00	2.2151  243.1166	0.0455  20.6677	63.7611  6367.5029	0.3612704	2	32510.7235161648	10	89990
13746	149.6196  0.2500	150.1885  0.0849	21.3130  0.0121	23.0863  0.3101	0.9582  0.0211	0.2352  0.0048	79.9363  0.2648	0.4148822	0	37335.2474735436	10	89990
14683	122.1235  0.1792	186.7938  0.1616	23.5183  0.0356	4.8586  0.3641	0.8069  0.1562	0.7650  0.0589	43.4707  10.3651	0.4767759	0	42905.058098033	10	89990
11763	158.7733  0.3559	143.3579  0.5839	23.8455  0.0431	20.5537  0.7876	0.5005  0.0680	0.4282  0.0224	28.2118  1.7135	0.5430831	0	48872.0508421122	10	89990
11794	149.2721  1.0955	147.6848  1.4358	26.9350  0.1871	9.2251  2.1990	0.0605  0.5607	0.8458  0.1888	-34.4006  59.3054	0.579779	0	52174.3098047823	10	89990
7521	146.5953  0.6052	149.7758  0.2029	24.3213  0.0518	11.7560  0.9050	1.3590  0.1793	0.0929  0.0344	73.5816  0.9816	0.5002777	2	45019.9893347636	10	89990
10572	189.7452  6.0955	149.5000  0.8055	22.6340  3.1697	2544.2058  11284.3389	5.6649  6.2706	0.0807  0.0151	82.0505  0.8017	0.5810891	2	52292.2067206501	10	89990
6948	149.6988  0.0233	149.9135  0.0375	20.2936  0.1299	1.3869  0.2342	1.1922  0.5917	0.1024  0.4544	54.9474  3.1863	0.5913042	0	53211.4613280757	10	89990
18818	499.7055  203.4212	114.6029  17.0636	20.0080  2.8272	118.4181  57.0437	1.3441  1.3575	0.5225  0.2082	-83.3320  5.7899	0.5432854	1	48890.2531670337	10	89990
19663	155.4717  0.5142	147.9675  0.6532	24.6496  0.0576	13.8593  0.8272	0.5854  0.1080	0.6069  0.0447	-21.9884  4.6606	0.4608233	0	41469.4855728727	10	89990
10086	153.6195  0.9470	146.8045  0.5669	25.9428  0.1095	7.1095  1.2650	0.4625  0.3715	0.4071  0.1305	-88.8126  9.0613	0.5293589	0	47637.007075698	10	89990
18821	179.8041  111.7598	106.5354  101.4427	21.9749  2.4092	548.0127  1221.2681	0.1011  0.0155	0.1095  0.2451	47.8354  0.8516	0.4729035	0	42556.5882386846	10	89990
20190	151.2394  33.6021	150.9268  89.0637	21.0962  477.0334	0.0103  2.5777	1.4438  2312.3452	0.0524  61.0669	58.3085  7401.4590	0.4944355	2	44494.2462731562	10	89990
11897	147.5048  0.3068	154.6507  0.3892	21.6488  0.0127	48.2734  0.7114	1.5449  0.0535	0.1192  0.0021	38.2958  0.1243	0.3569776	0	32124.4165537228	10	89990
17260	150.0600  177958.0312	151.2671  15424.0771	26.6271  3306.3340	9.363e-03  1.261e+02	0.8561  17472.2168	0.3160  1156.0530	64.8663  83922.9844	0.5341576	2	48068.8441742578	10	89990
16992	151.1135  0.5669	152.5327  1.1281	26.2704  0.1177	7.9634  1.6066	0.5888  0.4880	0.2215  0.1442	19.6258  6.5048	0.5045239	0	45402.1018984205	10	89990
14112	152.2737  1.7185	148.9542  0.7625	27.2724  0.2955	3.8573  1.8917	2.8119  4.4159	0.0484  0.3920	-77.4486  10.5995	0.3671145	2	33036.638152155	10	89990
20344	151.0901  0.5531	142.9686  0.7695	25.5133  0.0971	10.0812  1.1957	0.5333  0.2080	0.4311  0.0811	30.6456  5.6737	0.6299529	0	56689.4643115421	10	89990
10160	129.7999  0.2604	190.4795  0.1893	22.8130  0.0309	10.1038  0.5159	1.8808  0.1543	0.3173  0.0252	53.4153  1.4136	0.689028	0	62005.6340325691	10	89990
20724	149.6459  408.5315	149.2314  400.8581	27.4520  3992.9099	9.914e-03  1.058e+02	0.6185  43227.8633	0.0498  787.6092	52.4605  9182.5615	0.5779721	2	52011.7061983672	10	89990
15710	150.2228  0.4587	150.3908  0.5749	26.3407  0.1171	3.2302  1.5081	0.2599  1.2643	0.8432  0.2764	-88.8979  79.8144	0.3560981	0	32045.2674657559	10	89990
6946	150.6235  0.5602	149.7387  0.2857	24.6149  0.0668	7.6902  0.8420	0.8130  0.2049	0.2190  0.0776	76.2426  3.2234	0.5750251	0	51746.5130951592	10	89990
10996	148.1673  0.0000	150.9111  0.0000	27.0886  0.0000	0.7808  0.0000	0.0384  0.0000	0.5001  0.0000	19.3206  0.0000	0.4906549	2	44154.0387321947	10	89990
12682	150.9771  0.2934	153.5925  0.3753	23.3742  0.0244	22.0523  0.6299	0.3644  0.0291	0.3615  0.0133	-37.2955  0.9218	0.4040785	0	36363.0229125623	10	89990
15567	150.0565  0.0000	150.0861  0.0000	21.6722  0.0000	0.0105  0.0000	3.1477  0.0000	0.5558  0.0000	74.8679  0.0000	0.4565086	2	41081.2082707488	10	89990
14137	149.0605  1.7307	149.1721  0.3597	26.7001  1.5357	6.6301  17.3155	0.0911  2.3543	0.0676  1.6374	68.0010  62.3002	0.4119694	2	37073.1258019359	10	89990
13915	150.7583  0.6931	149.4071  0.8584	25.6981  3.1024	2.4503  21.0791	19.8035  89.6947	0.1183  0.0983	25.2048  5.2138	0.5215388	2	46933.2735930453	10	89990
10439	150.1718  0.9988	149.5509  9.4050	26.4374  2.0441	0.3093  5.6919	3.5309  60.1926	0.1188  15.5875	83.6138  439.4663	0.5819635	2	52370.8954177968	10	89990
6624	152.2015  0.8839	148.9847  0.6095	25.8436  0.1049	11.3818  3.4714	3.7031  1.9476	0.2005  0.0662	50.0220  3.3279	0.5919225	0	53267.1080232266	10	89990
20860	150.1057  3.5269	149.7871  1.2935	26.2775  2.4155	1.2485  2.7159	2.5330  7.4973	0.0500  0.9156	-76.7726  41.3828	0.5575846	2	50177.0415963735	10	89990
15669	150.6019  27.8667	145.4514  183.1722	22.7192  452.5866	8.354e-03  1.503e+00	2.5884  699.8203	0.1475  68.4058	-88.2230  14453.1689	0.400661	2	36055.4846857675	10	89990
10274	151.5759  0.7614	150.4312  0.6332	26.2261  0.3446	9.1830  9.1471	10.4364  11.8279	0.1722  0.0760	-48.5671  5.3962	0.4709746	2	42382.9998904122	10	89990
18585	137.5438  1.5454	130.5185  2.1802	22.3625  0.9640	1690.1104  3026.8455	7.4760  3.9031	0.0424  0.0049	-35.7321  0.2015	0.5082331	2	45735.9013664506	10	89990
7664	167.4065  2.9439	123.0487  6.1519	23.4657  0.0528	144.4574  10.6748	0.4320  0.0574	0.0605  0.0048	25.7429  0.1637	0.5563571	2	50066.5744514472	10	89990
18261	148.2918  0.3072	150.1025  0.2370	23.9100  0.0457	5.5205  0.5157	1.7729  0.2537	0.6911  0.0677	-66.9767  8.2314	0.5731952	0	51581.8353645941	10	89990
14169	149.1790  0.3055	145.9460  0.5867	24.5340  0.0507	13.6500  0.7562	0.3916  0.0732	0.3448  0.0317	-12.7210  2.0917	0.4339652	0	39052.5323411788	10	89990
18581	202.1671  3.4877	26.2822  4.5703	21.1994  0.0527	104.9109  4.0572	0.0931  0.0032	0.2813  0.0080	39.1994  0.2809	0.2015732	0	18139.5727747688	10	89990
17102	112.7423  1742.0702	176.6226  1775.9852	21.4073  16.7714	2339.3762  36180.8242	0.5197  0.1082	0.0127  0.1957	44.4401  0.8277	0.5533581	2	49796.6946912875	10	89990
19056	177.1404  0.3074	113.6078  0.3541	23.2840  0.0338	13.6474  0.5322	0.5846  0.0580	0.8267  0.0296	36.4290  7.3009	0.5436869	0	48926.3857340299	10	89990
16923	-99 -99	-99 -99	-99 -99	-99 -99	-99 -99	-99 -99	-99 -99	-99	-9	-99	-99	-99
10268	150.0943  0.0000	148.4852  0.0000	26.4021  0.0000	1.000e-02  8.321e-09	3.7339  0.0000	0.5344  0.0000	-83.2395  0.0000	0.5065711	2	45586.3346262527	10	89990
12048	148.6158  0.6410	149.2764  0.6205	26.1298  0.1197	4.6987  1.0863	0.3074  0.3956	0.9488  0.1741	70.5930  157.1153	0.5283651	0	47547.5790555737	10	89990
11237	149.4613  262.0842	149.9806  92.2867	27.4602  1202.4491	0.0119  25.8581	13.5719  5273.0903	0.0235  8.1108	78.4485  567.8728	0.5874568	2	52865.2379295095	10	89990
14247	149.7822  0.1929	149.4292  0.1813	23.7226  0.0335	4.3091  0.3309	1.2812  0.1953	0.7405  0.0564	84.9418  8.8725	0.3758235	0	33820.3544102826	10	89990
20904	161.0340  0.6341	136.6581  0.5080	24.8986  0.0725	10.1855  0.8758	0.2425  0.1251	0.7275  0.0608	76.6351  10.7178	0.5582337	0	50235.4517256185	10	89990
10530	149.2873  0.2313	150.0986  0.2194	23.4887  0.0372	5.3120  0.3896	0.9631  0.1424	0.9109  0.0602	-49.9093  27.3112	0.5303142	0	47722.975832143	10	89990
12362	150.3116  0.5896	149.7619  0.5130	25.4926  0.1141	4.2066  1.0651	0.3566  0.5047	0.7781  0.1747	70.7453  37.5780	0.8170763	0	73528.6920306102	10	89990
11040	151.9924  1.3291	148.4964  1.1316	26.8899  0.2150	6.2173  347.2889	0.0304  7.2430	0.3730  1.0476	57.9635  33.6467	0.6312971	2	56810.4267574165	10	89990
10949	148.8784  0.6100	151.6987  0.6667	26.1061  0.1206	4.8912  1.1873	0.3184  0.4141	0.6593  0.1859	-36.1242  24.1165	0.5125147	0	46121.1986760255	10	89990
11668	149.2004  0.5110	151.7380  0.4806	25.9100  0.1132	5.1885  0.9571	0.0741  0.8330	0.7014  0.1549	-6.9195  24.9059	0.5342167	0	48074.1598569717	10	89990
12073	148.8389  0.4157	149.8048  0.6435	24.9225  0.0745	8.2559  0.9339	0.7280  0.2334	0.4708  0.0737	21.3692  5.9969	0.5887576	0	52982.2972296082	10	89990
9608	151.7969  0.0000	148.6017  0.0000	28.8354  0.0000	0.2652  0.0000	1.7266  0.0000	0.0213  0.0000	16.9296  0.0000	0.6062537	2	54556.7684923829	10	89990
13690	194.0833  0.2603	149.1420  0.2119	23.2674  0.0260	9.0141  0.3764	0.8986  0.0764	0.7335  0.0281	65.6449  4.7089	0.4187863	0	37686.579886915	10	89990
12286	153.0368  1.6215	148.9117  4.2847	27.2512  0.7705	0.7911  3.0314	7.7066  25.0609	0.0349  0.3759	5.0771  12.3922	0.5116084	2	46039.6397598482	10	89990
13410	145.6571  0.4221	145.9672  0.4086	26.1466  0.0979	3.7907  0.8397	1.2716  0.6421	0.9642  0.1968	82.4249  226.8069	0.3910327	0	35189.0291018226	10	89990
19331	-99 -99	-99 -99	-99 -99	-99 -99	-99 -99	-99 -99	-99 -99	-99	-9	-99	-99	-99
18060	148.4342  1.2989	148.6905  5.3353	27.4947  3.2091	2.3555  3.0173	1.7254  7.7609	0.0465  1.2285	-79.9084  69.8769	0.5914416	2	53223.824944494	10	89990
15694	148.2278  0.1543	149.8876  0.1668	21.3154  0.4783	385.9688  581.7397	19.9994  7.0077	0.8763  0.0200	45.4140  5.1651	0.3338162	2	30040.1194212744	10	89990
7504	152.4004  0.0071	148.6728  0.0795	26.4297  0.8802	5.8860  94.0420	0.0216  2.8835	0.0463  0.3173	-82.9664  129.2616	0.5969769	2	53721.9530179746	10	89990
20829	151.6218  1.2506	150.0523  0.3811	26.5392  1.9993	5.4650  13.7919	0.3192  4.3606	0.0423  0.1351	-84.6154  22.3819	0.5250357	2	47247.9636146125	10	89990
16030	151.2085  735.1121	148.0208  67536.4609	27.6718  142021.5781	1.000e-02  7.565e+02	2.2338  187967.5938	0.0500  9104.8330	85.2867  101367.8359	0.5454307	2	49083.3037266247	10	89990
18880	150.8599  0.0000	151.3611  0.0000	25.2038  0.0000	0.0134  0.0000	0.9129  0.0000	0.5252  0.0000	-9.0205  0.0000	0.5622901	2	50600.4911972072	10	89990
20657	148.8625  0.7151	148.4860  0.9300	26.6669  0.1739	4.4535  1.7549	0.4416  0.6110	0.6588  0.2553	-55.0095  39.0517	0.483383	0	43499.6364464218	10	89990
20456	-99 -99	-99 -99	-99 -99	-99 -99	-99 -99	-99 -99	-99 -99	-99	-9	-99	-99	-99
9227	157.7010  136.7303	186.1542  177.8105	20.9950  2.1595	733.4619  1464.3442	0.2188  0.0176	0.0647  0.1295	-37.5539  0.4670	0.5670411	2	51028.0281959578	10	89990
12469	150.7606  0.2482	149.5190  0.2664	23.8169  0.0411	4.9708  0.4218	0.8936  0.1711	0.8535  0.0674	-15.4421  18.6991	0.4708655	0	42373.1821141106	10	89990
16780	-99 -99	-99 -99	-99 -99	-99 -99	-99 -99	-99 -99	-99 -99	-99	-9	-99	-99	-99
13726	149.3760  0.6931	150.5100  0.5808	26.8161  0.1573	5.7048  2.2502	0.0601  1.1766	0.3714  0.2547	61.4004  14.0619	0.3430749	0	30873.3095046907	10	89990
13100	101.8449  0.5249	250.4898  0.5189	23.3402  0.0319	30.9731  1.7512	1.6381  0.1568	0.6254  0.0212	-54.4492  2.2889	0.4994724	0	44947.5228299757	10	89990
7002	150.3629  0.5420	152.2956  0.9401	25.8266  0.0984	8.5613  1.4068	0.6789  0.2809	0.2752  0.0918	14.7339  5.0900	0.5793623	0	52136.8189267236	10	89990
18064	151.5681  0.6885	149.1306  0.5125	26.4210  0.3952	3.6622  1.4120	0.4564  1.0389	0.1165  1.4330	-73.6443  18.1975	0.4327009	0	38938.7580853554	10	89990
17108	148.9764  0.9277	147.5031  0.5464	24.9386  0.0869	12.9114  1.5896	1.3466  0.3570	0.1902  0.0516	-58.2864  2.4003	0.8248183	0	74225.3949696638	10	89990
5934	166.4749  0.4717	129.6517  0.3141	23.4960  0.0291	23.0522  0.5411	0.7230  0.0518	0.4996  0.0150	71.1340  1.3730	0.3822071	0	34394.8192452586	10	89990
20487	139.0195  2.1997	108.5235  4.1783	22.7962  0.0819	180.7060  17.6774	1.0473  0.0861	0.1695  0.0093	28.1098  0.4618	0.487715	0	43889.4729656912	10	89990
12105	165.5372  0.0536	43.7883  0.0597	19.6230  0.0038	22.4260  0.1311	1.6270  0.0181	0.8396  0.0034	-51.5490  0.9738	0.2486943	0	22380.0017246893	10	89990
13874	151.1851  0.0000	148.2236  0.0000	28.3211  0.0000	3.3878  0.0000	0.0308  0.0000	9.009e-03  3.071e-12	-57.7553  0.0000	0.5011775	2	45100.9630661673	10	89990
20968	150.0838  0.4987	148.2748  0.6043	26.0698  0.1269	3.3193  1.2552	1.0358  1.1793	0.5212  0.2820	-29.3662  22.9927	0.5770242	0	51926.4058303224	10	89990
18254	149.4533  0.2875	151.1363  0.3379	24.3057  0.0466	6.1426  0.4663	0.5385  0.1565	0.7000  0.0620	1.4813  8.9586	0.3130392	0	28170.4025857012	10	89990
12194	148.7555  0.1452	153.1561  0.3843	22.3718  0.0166	27.3863  0.5217	1.1775  0.0422	0.1240  0.0040	21.3651  0.1817	0.3143952	0	28292.427773153	10	89990
14530	151.8659  20933332959232.0000	149.7182  41071107112960.0000	33.2431  6649870286848.0000	5.568e-03  1.375e+13	0.1500  22640708288512.0000	0.0513  383323683684352.0000	-49.8602  1150328607080448.0000	1.467647	2	132073.54991302	10	89990
12646	149.1075  0.3020	146.5832  0.5326	24.9162  0.0612	10.1451  0.7684	0.5003  0.1267	0.3589  0.0499	27.7146  3.1582	0.4398854	0	39585.2871035292	10	89990
20174	150.0202  0.0000	154.1814  0.0000	24.3637  0.0000	0.0100  0.0000	1.8784  0.0000	0.1330  0.0000	84.8081  0.0000	0.5209313	2	46878.60943165	10	89990
19921	150.5772  0.8848	149.0346  0.4442	26.4100  0.1494	4.7722  2.1880	0.1324  1.2041	0.3514  0.3039	-83.1782  15.7458	0.5825624	0	52424.7903449941	10	89990
13377	251.8110  0.9439	70.7517  1.4245	18.9760  2.7579	2039.2434  4901.9082	3.3168  1.7729	0.6141  0.0254	35.9928  2.6652	0.3572777	0	32151.4222860876	10	89990
