# ID	x	x_err	y	y_err	mag	mag_err	re	re_err	n	n_err	q	q_err	theta	theta_err	chi	flag	chi2	nfree	ndegrees_freedom
19771	84.2203  0.2092	146.6385  0.2695	20.3169  0.0219	10.0846  0.2577	0.8975  0.0663	0.6673  0.0243	-86.4800  3.1499	0.5867414	0	13195.8153344233	10	22490
6109	220.0914  41.7807	119.7985  22.0539	16.1489  0.4252	280.5804  34.0608	0.3650  0.1203	0.3464  0.0908	27.3452  1.8167	0.7121704	1	16016.7129523454	10	22490
11220	245.5218  70958560.0000	153.6716  77025864.0000	-3.0465  43887196.0000	0.0440  725023.1875	4.3972  10213061.0000	0.5190  151977.5781	-6.3087  16592998.0000	0.9627498	2	21652.2426737657	10	22490
20316	219.4734  89.1181	174.3936  33.1971	17.1022  0.4772	303.6532  62.7777	0.3561  0.1831	0.3214  0.0870	64.3283  3.6667	0.4572685	1	10283.9687088268	10	22490
12132	148.0613  0.1851	80.4222  0.1508	18.0830  0.4489	306.9058  219.7060	6.6330  1.2763	0.5614  0.0057	11.0867  0.7096	0.3322349	0	7471.96300462421	10	22490
16102	510.8146  562.2800	750.6068  902.8276	1.3500  31.2466	68.0950  83.3690	1.0077  0.5572	0.1936  0.1327	-31.4357  1.1054	0.3219326	2	7240.26284942479	10	22490
16999	188.4949  9.8433	63.3497  2.5347	17.7804  0.2147	78.6500  1.5026	0.4313  0.0344	0.6716  0.0481	-1.6547  1.7875	0.2021829	2	4547.09267999138	10	22490
12389	-99 -99	-99 -99	-99 -99	-99 -99	-99 -99	-99 -99	-99 -99	-99	-9	-99	-99	-99
20413	201.2042  7597.2119	140.3927  3416.1165	19.5186  299.1094	42.2204  50467.7539	19.1936  6812.1582	0.0503  5.5631	69.0544  39.3943	0.5121619	2	11518.5212115019	10	22490
5929	158.9603  703676864.0000	156.9536  346250976.0000	30.0249  2780151.7500	1280.9877  3234929152.0000	0.1332  28950.8047	0.0500  124568.3594	64.1558  1243124.1250	0.5360947	2	12056.7703440616	10	22490
13123	155.6756  542.4346	154.5671  383.8260	27.3621  659.0089	29.1315  51724.1641	19.5517  18231.0703	0.0377  17.6874	63.0817  2950.5925	0.970278	2	21821.552307484	10	22490
14557	165.9332  0.0710	165.6139  0.0539	21.0287  0.0036	178.9399  0.0000	0.0258  0.0015	0.1795  0.0041	-36.9276  0.1878	0.9046747	2	20346.1338601152	10	22490
14015	142.0131  24.4432	139.2372  124.5150	29.7404  7.0605	15.1266  144.2672	0.3263  18.3645	0.0500  3.0677	11.4753  102.5463	0.574753	2	12926.1953360263	10	22490
9741	108.6711  0.0141	127.5612  0.0185	17.3354  0.0034	7.4257  0.0635	5.0954  0.0834	0.3099  0.0028	33.7987  0.1820	0.3093417	0	6957.09523933615	10	22490
10220	651.4617  1296.5938	62.3370  107.4664	17.8934  5.7413	347.7383  499.4134	0.4077  0.1286	0.0227  0.0258	85.2504  0.2107	0.4513702	2	10151.3165044196	10	22490
19489	155.1103  1115.2520	155.0774  1883.4076	29.7148  568.7389	17.1379  36559.7383	19.9955  24895.0547	0.0495  11.4620	-39.9994  728.9056	2.215816	2	49833.7008239184	10	22490
15614	64.4123  13.7596	227.3499  80.6866	19.0910  0.9585	94.9253  50.8651	0.1834  0.0906	0.7385  0.2044	25.5573  22.8190	2.118089	2	47635.8316344592	10	22490
17959	151.2547  0.3952	139.0324  0.1578	19.9061  0.0489	7.7854  0.2699	1.8145  0.1075	0.8629  0.0312	63.5034  12.3485	0.4494092	2	10107.213380609	10	22490
11292	149.3050  34478.4688	138.3862  16656.5332	29.0222  1219.1095	33.8618  26178.3633	0.0853  70.6027	0.4766  185.1395	-52.3202  16157.4629	0.7446571	0	16747.3375138935	10	22490
11871	174.9232  556374392850874368.0000	154.2848  950914074391085056.0000	30.9381  1036389077542240256.0000	7.089e-04  5.038e+16	2.1626  13659792603279785984.0000	8.886e-03  5.537e+16	55.8891  26788290192901931008.0000	0.5270448	2	11853.2376360536	10	22490
21187	91.0822  128.3510	183.4176  156.7587	22.4463  2.4611	83.8615  128.2651	0.0962  0.1426	0.2453  0.2029	43.9647  14.0606	0.4638551	2	10432.1003726945	10	22490
8188	180.1641  252.3080	204.0407  288.9393	20.4756  3.8961	132.2847  155.0864	0.1320  0.3005	0.8290  0.9260	64.3057  82.0063	0.6321786	2	14217.6967419392	10	22490
20709	-99 -99	-99 -99	-99 -99	-99 -99	-99 -99	-99 -99	-99 -99	-99	-9	-99	-99	-99
17615	319.5858  70.8564	65.0098  33.1763	15.2769  0.3014	339.0596  53.9159	0.4943  0.0554	0.2005  0.0315	63.4292  1.0035	0.6308961	1	14188.8534434098	10	22490
17296	100.7375  3142.2773	117.9305  82.4994	19.1234  68.6062	1.000e-02  3.620e+00	0.2071  155.2667	0.7852  332.9272	-24.0274  33505.4570	0.3992104	2	8978.24130771187	10	22490
12918	166.4559  98.8023	162.8064  93.2778	22.8652  6.6937	26.6269  42.4088	0.6307  0.5437	0.4804  0.7729	-44.4941  22.0183	0.4571736	2	10281.8352374409	10	22490
19261	-99 -99	-99 -99	-99 -99	-99 -99	-99 -99	-99 -99	-99 -99	-99	-9	-99	-99	-99
19442	142.8863  26.1991	150.3588  43.1183	24.9245  2.9842	14.7388  33.4674	0.1440  0.2810	0.7905  1.3729	-19.3801  142.0265	0.5754842	2	12942.6382775197	10	22490
21024	147.7902  27.6647	142.4479  3.5014	26.8847  3.2309	9.0814  198.1742	0.0302  2.8801	0.5008  1.5107	-86.9237  82.2897	1.649283	2	37092.3849524169	10	22490
13893	73.5445  0.0000	145.3996  0.0000	20.5095  0.0000	0.0122  0.0000	0.9091  0.0000	0.5389  0.0000	-82.8214  0.0000	0.5979977	2	13448.9683313644	10	22490
13783	138.3253  52.9004	140.5447  115.3503	21.6103  0.9810	96.5321  45.3742	0.1438  0.0759	0.2015  0.1081	25.1749  10.1122	0.2906226	0	6536.10231985844	10	22490
13474	45.4956  1.2944	163.2035  1.6124	17.3679  1.1129	310.6129  621.3143	7.2196  6.1086	0.3875  0.0091	69.6621  0.9182	0.3599432	2	8095.12258773498	10	22490
8023	121.4293  1.8588	156.8936  1.1624	21.1276  1.5551	264.2144  1428.5020	19.9746  32.1878	0.1673  0.0179	-54.4295  1.3690	0.5579555	2	12548.4193189853	10	22490
9156	158.7153  18854014.0000	153.8824  1074168.5000	29.7808  227384.5938	6.137e-03  8.402e+03	1.8237  303104.9062	0.8201  2603031.2500	88.0281  7161846784.0000	0.5296996	2	11912.9445409085	10	22490
11973	151.6376  99.7593	150.9144  26.0077	25.7652  6.5932	8.5631  32.6646	0.1801  2.6657	0.3290  1.6224	68.1049  250.9881	1.151294	2	25892.5938491068	10	22490
11936	153.9696  0.0000	152.6430  0.0000	43.9296  0.0000	1.000e-02  1.247e-16	0.4111  0.0000	0.0500  0.0000	29.8850  0.0000	0.7667093	2	17243.2912975547	10	22490
12337	157.2998  1702.3456	155.1254  1689.5369	26.9415  117.6458	15.0389  784.8657	0.0716  6.7007	0.8884  62.6927	69.4909  16362.7930	0.7813739	2	17573.0982475235	10	22490
18202	218.7837  58.5540	143.1255  12.8000	16.5898  0.3583	370.5952  92.6875	0.4667  0.0867	0.1991  0.0471	69.6175  1.4588	0.3254024	1	7318.3003060944	10	22490
8931	166.8771  2910437.5000	167.2041  2524399.0000	30.1148  278175.6250	324.5096  96906592.0000	2.6239  137431.0000	0.0229  6488.1177	47.0577  571584.3750	0.4382235	2	9855.64704353143	10	22490
20269	152.6783  30.1332	151.3248  13.0263	25.3074  3.5750	13.0787  43.6448	0.6840  15.0686	0.0133  0.1115	67.0016  11.5551	0.5863541	2	13187.1042480214	10	22490
15552	157.6400  18111.5703	159.9234  122948.4688	28.3747  243219.7969	9.116e-03  1.355e+04	12.3504  4864752.5000	0.0390  22691.6953	15.9486  982440.6250	0.4313157	2	9700.29076677408	10	22490
19592	126.3439  0.5998	150.5421  0.4973	19.3488  1.8940	523.4365  1881.8789	9.1691  7.6780	0.2542  0.0369	64.5017  1.8443	0.8755147	2	19690.3263181802	10	22490
9583	151.2914  93.0583	150.0013  9.3391	24.2048  3.0092	25.7940  63.6210	0.0936  0.5915	0.0772  0.1669	83.5983  8.4135	0.5881094	2	13226.5816330659	10	22490
12768	138.6118  5.3817	155.2260  17.4921	23.9885  0.8077	3.8739  5.5631	6.1277  8.5553	4.986e-03  1.838e-03	-17.0057  0.1529	0.4788672	2	10769.7238878665	10	22490
16307	158.1629  70131.7969	145.0340  380290.9688	28.3405  4709.4365	505.1915  1844047.8750	1.1863  1848.6486	0.0610  136.6459	-9.6131  5309.6558	0.6317281	2	14207.5650903507	10	22490
15491	154.5792  249.7007	149.4494  171.8559	26.7074  42.3279	5.5492  785.9716	0.0482  14.3054	0.7932  21.5347	-71.8990  4105.5532	2.310255	2	51957.6352228749	10	22490
11098	199.5032  239969232.0000	173.2895  620397632.0000	37.6153  40891844.0000	238.6780  21898921984.0000	18.0143  1201363072.0000	0.0500  133658.6562	-20.0403  23559370.0000	0.6079299	2	13672.3449409384	10	22490
15960	137.3988  29911075667312640.0000	176.1087  2251844105535488.0000	30.9767  100276640.0000	1196.8534  75973544.0000	0.1024  604470912.0000	0.8002  53831124.0000	-10.4262  32264552389279744.0000	0.3246115	2	7300.51194501643	10	22490
11712	163.6050  1189097.8750	163.5367  1664527.0000	32.7047  30515516.0000	9.337e-03  4.475e+05	10.6873  88701056.0000	0.0478  934377.5625	-36.8352  31971872.0000	0.981739	2	22079.3105379098	10	22490
11943	179.9266  11300.6836	169.5505  7774.1616	30.0934  124724.6484	2.6578  26118342.0000	0.0372  980565.3750	0.0571  69193.8984	-30.0993  32765984.0000	0.5176392	2	11641.7045400992	10	22490
13393	-99 -99	-99 -99	-99 -99	-99 -99	-99 -99	-99 -99	-99 -99	-99	-9	-99	-99	-99
16119	167.7829  61901.1562	162.4592  85562.0938	32.2642  10864.4365	1.5521  151293.7656	2.6090  220237.3281	0.0787  26490.1660	-39.5531  1021742.8125	0.5596269	2	12586.0100037243	10	22490
12704	143.4122  218.7450	205.5668  440.8865	19.5633  6.8675	159.8454  751.3451	0.3762  0.7949	0.1705  0.6887	29.6588  17.1418	0.2749961	2	6184.66236839015	10	22490
18441	158.8261  12.0001	140.4249  5.1551	23.7308  1864.1470	46.6149  40017.5469	0.0359  0.0238	0.2742  0.0405	-65.8843  2.8999	0.3380542	2	7602.83851701171	10	22490
16450	148.9339  7.1232	158.1709  26.1301	22.3137  1.3930	20.9650  15.7077	0.3731  0.2540	0.3174  0.1739	-12.5450  6.5746	0.5037976	2	11330.4084709712	10	22490
20948	109.2479  11.7490	182.8022  66.5535	20.8792  0.8947	85.0720  38.8984	0.2193  0.1128	0.6994  0.1176	17.8552  23.6848	0.6844549	2	15393.3904494493	10	22490
16518	150.4827  0.7400	147.1769  1.2059	20.8541  1.9988	226.4641  795.7057	7.4358  7.2547	0.4426  0.0425	-15.9637  4.5850	0.6842134	2	15387.9593836953	10	22490
9667	151.8828  1268.4006	154.8297  440.0946	28.9365  63467.8086	12.1849  356154.7812	0.0247  11.2271	0.0500  8.0576	-65.1935  682.2668	0.6681315	2	15026.2768724982	10	22490
18623	148.0266  0.0000	149.7576  0.0000	27.2269  0.0000	0.0117  0.0000	0.9384  0.0000	0.9681  0.0000	-26.7420  0.0000	0.7387229	2	16613.8783822946	10	22490
20572	159.4743  0.1468	147.3716  0.0623	23.8318  0.0182	126.8848  0.0003	0.0336  0.0032	0.1147  0.0088	-22.9177  0.2929	0.5770845	2	12978.6299829675	10	22490
19509	138.2947  31663.9570	167.3631  110524.4297	29.3962  64595.9531	1.000e-02  2.053e+03	14.8960  617581.7500	0.0652  3772.9580	-24.4673  86935.6953	0.6063557	2	13636.9390368293	10	22490
17744	146.0898  64.3920	153.0101  103.9874	28.5804  126.9156	15.8589  6605.5879	19.4699  4571.9121	0.0693  4.6551	1.1159  424.0653	0.4838919	2	10882.7292108232	10	22490
16689	-8.9394  61.4850	192.4539  24.2879	17.0315  0.4957	295.3128  101.3275	0.9692  0.1717	0.2056  0.0413	79.1698  1.7142	0.2751251	1	6187.56251095755	10	22490
12428	-99 -99	-99 -99	-99 -99	-99 -99	-99 -99	-99 -99	-99 -99	-99	-9	-99	-99	-99
9277	144.1807  4547.0186	155.4063  3688.0359	28.3731  209771.7500	0.0104  6405.8872	4.7055  1106214.8750	0.9064  56272.1445	47.8933  12256631.0000	0.6473196	2	14558.216774618	10	22490
12811	149.0082  338.6212	151.0270  11.3233	25.8633  8.8832	27.7562  205.5638	0.1013  0.7733	0.0204  0.1380	-87.9628  6.4481	0.3973786	2	8937.04407565626	10	22490
12120	156.7231  1518.1194	157.1697  2317.2424	28.9578  3636.8452	37.7426  448029.7188	19.6505  118905.3203	0.0477  115.5444	87.0873  7440.5176	0.6937416	2	15602.2493498266	10	22490
18813	137.5847  0.0291	73.8727  0.0282	18.4715  0.0060	4.8837  0.0545	2.5196  0.0425	0.9087  0.0111	-28.5425  4.1346	0.3146406	0	7076.26818509312	10	22490
20427	-99 -99	-99 -99	-99 -99	-99 -99	-99 -99	-99 -99	-99 -99	-99	-9	-99	-99	-99
19808	135.1374  14.7453	147.0477  16.8699	22.2111  0.7878	32.9590  27.2794	0.0411  0.0295	0.5918  0.1750	-52.6909  11.9439	0.3867652	2	8698.34946379334	10	22490
12297	143.3258  0.1383	80.0331  0.1817	19.4189  0.0251	39.3824  2.2892	3.7990  0.2248	0.0623  0.0022	35.2956  0.1399	0.3445262	2	7748.39423668843	10	22490
9536	139.5248  7.2704	156.3909  18.1855	21.5678  0.6271	29.8838  12.0983	0.3378  0.1178	0.1961  0.0724	23.6485  4.7465	0.4357728	2	9800.52975337116	10	22490
19540	151.9818  7593.2256	148.9058  2869.9607	27.9746  1019.5889	93.8456  87349.5859	1.0489  123.0924	0.0500  49.1003	68.9567  995.6319	0.5856833	2	13172.0183106598	10	22490
21180	140.4057  19.3376	139.5227  1.5787	21.2673  0.2365	101.9974  17.8145	0.6049  0.0786	0.0990  0.0184	85.2865  0.5519	0.4896346	2	11011.8825915089	10	22490
12448	163.8034  77.9798	184.6718  87.0005	16.0041  1.0496	469.8175  299.9195	0.3896  0.1817	0.1966  0.1211	44.7494  3.1207	1.245619	1	28013.9689800105	10	22490
19526	154.5926  689.7281	141.4597  778.8234	30.3971  1059.4821	46.5630  179727.1562	19.7251  28621.4141	0.2060  34.5668	-44.6434  2934.0876	0.5694861	2	12807.7423372625	10	22490
8753	140.7847  8292.0342	145.3931  18935.4961	32.9395  132919.8125	9.648e-03  8.630e+03	6.2573  1198932.7500	0.0474  32321.5234	-29.2814  1661705.1250	0.6408775	2	14413.3358280553	10	22490
18008	151.5807  0.2724	124.1025  0.1880	20.2075  0.6702	140.0714  319.8739	19.9972  12.1508	0.4337  0.0155	2.8569  1.0764	0.2485901	2	5590.79163475995	10	22490
8476	127.4717  40.5745	153.3640  58.4532	21.9874  0.5460	159.3011  55.1752	0.5746  0.1147	0.0359  0.0130	-34.7701  0.2945	0.5420636	2	12191.0106102688	10	22490
16268	150.2531  0.5688	4.3690  2.3587	18.4024  1.2125	1220.9718  1840.3634	4.8168  1.7726	0.1365  0.0041	-0.6315  0.5938	0.2231153	2	5017.86320702646	10	22490
19098	133.8546  15.1113	168.3897  19.6501	23.7407  1.5595	9.2479  27.1725	3.7060  9.9816	0.6745  0.5989	-65.6850  108.1463	0.5799634	2	13043.3768265601	10	22490
15893	245.8642  135902962116275994624.0000	211.6423  150575777663179292672.0000	32.0462  617797956276917895168.0000	1.000e-02  1.677e+18	7.6096  94406452102056378368.0000	0.0500  129037258706649088.0000	-82.2438  4766412593222909952.0000	0.5445448	2	12246.8124968492	10	22490
8386	145.1216  1882262.8750	130.6499  1828063.8750	22.2084  42.0334	0.1074  27010.5566	0.4746  65948.1406	0.0500  183290.8125	49.8686  5758585.0000	0.5970711	2	13428.1282988393	10	22490
15585	-99 -99	-99 -99	-99 -99	-99 -99	-99 -99	-99 -99	-99 -99	-99	-9	-99	-99	-99
16835	105.9504  3.1323	178.2972  10.2662	18.4293  0.3390	97.4825  25.6809	1.0876  0.2189	0.6488  0.0335	45.7063  5.7739	0.6101987	2	13723.3696223271	10	22490
19644	83.6778  23.8208	347.6668  59.0644	15.4374  0.3215	397.5755  63.7739	0.3192  0.0320	0.2259  0.0270	25.2042  0.9320	0.5412331	1	12172.3318644986	10	22490
12066	149.5676  18.5471	151.0979  1.9115	25.3354  2.8542	6.7791  114.3952	0.0429  1.5960	0.1100  0.3004	82.9829  60.8940	1.125394	2	25310.1145595012	10	22490
18993	131.9813  862507.6250	139.0661  418518.1562	37.9576  4590144.5000	1.000e-02  1.443e+05	16.8128  58557168.0000	0.0500  653701.0000	8.0437  14459543.0000	0.6161056	2	13856.2150942411	10	22490
11540	118.3919  0.3143	149.1343  0.4065	20.8460  0.5322	53.7833  80.6728	11.7899  7.3506	0.3419  0.0290	-82.7405  2.5440	0.8668539	2	19495.5436837323	10	22490
14056	161.3634  6.3640	134.5084  3.8218	18.1487  0.4100	24.8380  2.7892	1.0916  0.1332	0.4124  0.0606	42.2724  5.7221	0.6566818	2	14768.7748666062	10	22490
9923	130.3008  5.1059	168.5079  91.2918	24.0278  2.3499	41.7522  90.4543	0.0481  0.0757	0.3450  0.3595	3.8410  7.5888	0.5705909	2	12832.5881356984	10	22490
20270	156.2881  24.2405	145.8457  7.1357	26.4671  14.5031	55.0972  2711.0017	18.7671  447.1070	0.0499  0.2477	-67.3380  16.2405	0.5539138	2	12457.5219296011	10	22490
13803	191.2509  0.0000	146.5409  0.0000	28.5919  0.0000	4.711e-03  7.886e-15	0.7351  0.0000	0.0266  0.0000	81.2751  0.0000	0.3337601	2	7506.26360483988	10	22490
9449	152.8000  104.9149	148.2019  63.6367	25.3145  10.7252	12.0196  50.3625	0.0608  0.5436	0.8675  3.1677	62.0599  886.3763	0.4790336	2	10773.4645943475	10	22490
6479	137.8645  10.0920	153.5860  31.5974	22.0411  0.8027	42.3659  25.4545	0.2899  0.1225	0.1368  0.0762	17.9466  3.5965	0.5562119	2	12509.206321712	10	22490
15435	-99 -99	-99 -99	-99 -99	-99 -99	-99 -99	-99 -99	-99 -99	-99	-9	-99	-99	-99
8058	152.4884  1.1979	143.1593  1.6423	24.4396  0.9493	18.0163  43.3493	8.6925  18.6637	0.0412  0.0359	-1.9640  2.5867	0.6410173	2	14416.4794418592	10	22490
18939	156.2438  2307.3718	155.5946  2740.2539	30.5582  394.5214	6.6445  10610.4854	19.4031  41731.8086	0.0850  47.4031	-46.3778  2963.8376	1.783887	2	40119.6100868381	10	22490
14769	159.0977  71.0566	128.3362  97.3793	23.9750  3.7180	37.2876  108.9680	0.0774  1.2855	0.0843  0.2050	35.7158  10.6391	0.3983907	2	8959.80627271305	10	22490
12243	-99 -99	-99 -99	-99 -99	-99 -99	-99 -99	-99 -99	-99 -99	-99	-9	-99	-99	-99
15183	-99 -99	-99 -99	-99 -99	-99 -99	-99 -99	-99 -99	-99 -99	-99	-9	-99	-99	-99
8310	147.8162  11.3448	153.7826  15.9999	27.2805  37.3891	3.1617  320.7954	18.7602  1760.6691	0.5098  5.3464	39.4454  650.6163	0.5324231	2	11974.1958800444	10	22490
12715	264.9774  42.3511	256.3113  76.4839	15.3869  0.3842	349.0839  50.7788	0.4170  0.0910	0.2575  0.0328	-19.6034  2.3627	0.3448708	1	7756.14345088212	10	22490
13131	152.3544  0.3944	127.2164  0.1557	18.7078  0.0405	23.7702  1.5797	3.6385  0.1520	0.4600  0.0104	60.2785  0.9269	0.4077526	2	9170.35625123405	10	22490
18294	112.6746  0.3011	153.1284  1.0098	20.7040  0.1259	7.8403  0.2877	1.0982  0.1007	0.9334  0.0607	26.8228  39.5959	0.3739361	2	8409.82283166828	10	22490
18186	159.7835  23.3313	175.4262  27.5115	16.2840  0.2881	321.5260  66.5811	0.4186  0.0853	0.2538  0.0540	46.2541  1.9863	0.5396528	1	12136.7900787099	10	22490
7981	157.5579  552.9919	158.0362  2094.7334	29.0870  636.0840	98.2748  244759.3438	19.1272  19218.2754	0.0500  3.8913	-9.7003  524.4921	0.5041652	2	11338.6740865795	10	22490
13675	72.2811  1.0114	151.0207  0.9870	21.7537  0.2334	51.5799  23.8752	3.2138  1.0498	0.2616  0.0194	89.6437  1.4639	0.5061868	2	11384.1406162711	10	22490
6792	147.8296  9.7012	130.5011  19.1074	22.4252  0.4028	35.7893  14.9687	0.2657  0.2071	0.1601  0.0713	23.4192  5.6614	0.6093379	0	13704.0096672856	10	22490
13308	113.5543  102.4293	202.3228  256.8471	22.8081  5.0560	61.9082  185.7293	0.1378  0.3136	0.1153  0.2017	21.9859  4.4670	0.5105088	2	11481.3423815041	10	22490
16718	196.9257  23.0441	-45.7321  33.5982	13.4200  0.3095	523.1220  87.4359	0.3759  0.0590	0.2023  0.0379	-21.2823  0.6673	0.9257276	1	20819.6135075488	10	22490
20100	155.3323  470630304.0000	107.4680  184767120.0000	42.5332  40177632.0000	84.8197  5946038272.0000	5.2536  252230448.0000	0.0829  906159.9375	68.6982  67674536.0000	0.4304897	2	9681.71359902504	10	22490
18188	38.2779  2665937.2500	31.7046  1596782.6250	28.9325  109556.4766	168.9682  4762863.5000	0.1642  2097.6775	0.4607  6610.9907	-56.7389  253396.1250	0.9418637	0	21182.5154303427	10	22490
19916	129.3210  0.6757	173.2884  0.8329	18.2612  0.0793	8.3201  1.4968	6.3239  1.4259	0.5530  0.0194	27.7227  4.1436	0.3893081	2	8755.53949931202	10	22490
14350	-3.5073  0.9379	183.2335  0.9687	12.8863  0.1012	31.3087  6.7407	3.4175  0.1990	0.2053  0.0368	-53.9160  0.5914	0.9421204	1	21188.2875867893	10	22490
16167	166.9152  1687367.5000	176.7573  4287413.5000	32.9505  3994499.7500	413.8495  3834517504.0000	11.2456  31281594.0000	0.0503  136411.3750	27.5759  13527927.0000	0.6966581	2	15667.8403473096	10	22490
15472	-99 -99	-99 -99	-99 -99	-99 -99	-99 -99	-99 -99	-99 -99	-99	-9	-99	-99	-99
12737	139.2169  0.0311	121.2060  0.0320	19.8060  0.0092	2.0465  0.0476	1.9064  0.1364	0.8668  0.0222	19.9887  7.1385	0.2187491	0	4919.66752165963	10	22490
12837	155.4717  1222.3848	156.6753  313.7485	29.1040  403.5409	59.7459  98126.1016	19.9752  13620.2549	0.0516  4.8315	-71.5241  471.3758	0.7435163	2	16721.680261994	10	22490
20200	150.0314  3.6587	149.1264  1.5976	24.5735  0.5836	5.6777  3.1432	1.0555  1.0318	0.4452  0.3196	77.2384  41.7999	0.4480796	2	10077.3095860765	10	22490
7258	162.7273  0.0000	152.5704  0.0000	22.6001  0.0000	0.0116  0.0000	1.9166  0.0000	0.0334  0.0000	20.1342  0.0000	0.9717867	2	21855.4830702272	10	22490
19547	113.6880  98.5037	182.4051  88.7997	22.0424  2.2361	83.7197  87.0744	0.0591  0.0758	0.4403  0.1096	-71.7423  26.1783	0.5194419	2	11682.2477210688	10	22490
19391	160.5743  13212944.0000	159.7464  15032287.0000	30.4831  1444319.0000	425.3538  606446464.0000	1.2774  601050.2500	1.536e-03  1.713e+03	41.3121  172079.3125	0.7443562	2	16740.5717364386	10	22490
14450	179.6558  37.5609	163.0879  67.6011	13.8595  0.5462	434.0962  199.5732	0.3618  0.1136	0.1894  0.0919	13.1451  1.6537	3.339327	1	75101.4604401873	10	22490
19627	148.6120  10.2203	108.6488  24.9081	24.8474  0.9091	33.1664  95.6612	0.0467  0.2843	0.1373  0.0488	-16.6158  5.9040	0.5709625	2	12840.9460899419	10	22490
9401	57.1373  2.5023	56.7494  1.2140	21.2548  0.0937	65.5736  4.2646	0.4927  0.0378	0.4911  0.0134	-66.2915  1.4151	0.4932331	0	11092.8125633645	10	22490
21114	168.5676  4645.3638	156.3768  3795.9551	19.2210  34.1893	2151.6436  67556.7422	0.5918  0.0859	7.366e-03  2.313e-01	-50.7443  0.7683	0.5101982	2	11474.3584402819	10	22490
10638	164.1678  7712.0649	157.1222  12224.2266	30.6280  849.8823	6.8009  9961.7021	0.1540  3435.3330	0.4376  692.4199	20.2710  168565.6875	0.4285887	2	9638.96114642448	10	22490
11596	-99 -99	-99 -99	-99 -99	-99 -99	-99 -99	-99 -99	-99 -99	-99	-9	-99	-99	-99
13806	140.4671  162.3672	128.4169  119.7140	19.0447  1.3492	290.5317  142.3447	0.1122  0.0820	0.2006  0.1158	47.2009  4.9246	0.3667139	0	8247.39640457449	10	22490
21069	147.8163  2611.0918	148.1122  214.8665	28.7783  6769.6729	9.651e-03  1.634e+02	18.7870  56318.0703	0.0208  63.0437	-74.9600  2980.4705	0.5315852	2	11955.3515286132	10	22490
10235	118.5498  123.3987	177.0732  52.0699	20.6162  1.4887	110.1845  77.8449	0.4546  0.1061	0.0933  0.0599	-68.0968  1.5158	0.6036909	2	13577.0085922708	10	22490
9917	172.3587  6.5512	147.4927  1.0401	18.6615  0.2629	43.0158  8.8372	1.6663  0.1624	0.1152  0.0156	83.0745  1.3088	0.4183909	2	9409.61035557109	10	22490
20587	251.9527  5586732711936.0000	216.0170  4481262551040.0000	34.3936  1450622058496.0000	9.7732  4194953854976.0000	2.8301  270077526016.0000	0.4328  8845470720.0000	26.1409  149350350848.0000	0.4846599	2	10900.0009477394	10	22490
7478	180.1426  3233852160.0000	179.9632  2113622016.0000	30.8879  60023868.0000	163.9794  9394375680.0000	0.2391  1670509.8750	0.0500  2962770.7500	57.0373  59478340.0000	0.6539863	2	14708.1526820903	10	22490
21098	169.4473  196.5039	152.2932  38.4433	22.6160  3.3311	79.4082  133.1342	0.1479  0.2806	0.2450  0.1284	-88.4889  16.0651	0.5516277	2	12406.106677447	10	22490
21210	196.8954  5447433728.0000	192.3056  9778310144.0000	31.9788  780993280.0000	19.6366  4027147520.0000	0.3300  152786576.0000	0.5386  294870208.0000	57.7214  13855051776.0000	0.6637864	2	14928.5563377195	10	22490
19483	-99 -99	-99 -99	-99 -99	-99 -99	-99 -99	-99 -99	-99 -99	-99	-9	-99	-99	-99
17291	-99 -99	-99 -99	-99 -99	-99 -99	-99 -99	-99 -99	-99 -99	-99	-9	-99	-99	-99
7663	152.3045  205.7376	159.0093  103.8049	24.9751  1614.7056	0.0102  55.3042	8.7489  14446.4834	0.9641  904.7460	53.3270  861202.0000	0.5275461	2	11864.5116903549	10	22490
8017	124.0689  17.1549	289.3915  94.5161	16.1410  0.5437	282.4449  46.8756	0.3001  0.1190	0.4452  0.0801	40.9286  6.4944	0.5007967	1	11262.9185345679	10	22490
13735	95.2232  0.0153	140.9897  0.0357	17.8776  0.0047	7.4015  0.0579	1.1760  0.0183	0.1432  0.0036	-3.1229  0.1678	0.3171901	0	7133.60396654275	10	22490
10212	-99 -99	-99 -99	-99 -99	-99 -99	-99 -99	-99 -99	-99 -99	-99	-9	-99	-99	-99
19997	145.5349  1.3860	141.1316  2.8581	26.6381  1.7877	11.4050  46.6925	4.2466  18.3500	0.0500  0.2221	4.9455  12.6083	0.6665978	2	14991.7853573117	10	22490
13344	152.1359  0.0380	107.8393  0.0274	17.0236  0.0064	5.3758  0.1050	7.4590  0.2690	0.7123  0.0074	45.3744  1.0389	0.3094851	2	6960.31963183644	10	22490
17088	111.7028  573146.1250	140.2608  370719.5312	28.1880  13526.7207	239.9344  1595245.0000	0.3877  601.2222	0.2752  1217.9324	60.7130  46126.1484	0.5201351	0	11697.8386062697	10	22490
19642	111.5856  0.2910	119.6893  0.3111	22.8533  0.0444	7.1728  0.5704	1.2086  0.2379	0.7069  0.0507	-44.2206  8.5259	0.582417	0	13098.5575523121	10	22490
16401	158.9890  6.8658	157.5727  65.6635	18.7817  0.4717	321.8462  242.6245	1.6450  0.4002	0.0737  0.0423	-2.7311  1.0694	0.4492633	2	10103.9324806029	10	22490
20905	132.3690  0.0000	144.2400  0.0000	23.1722  0.0000	0.0250  0.0000	3.3848  0.0000	0.0663  0.0000	20.6747  0.0000	0.4985838	2	11213.1499500707	10	22490
13619	143.5150  4.1645	141.8829  3.3102	18.5835  1.2065	282.2884  246.9040	1.6223  0.4557	0.3584  0.0663	50.4419  1.9820	0.4117337	0	9259.89195312826	10	22490
13261	158.4657  1.1639	148.9782  1.1218	18.9411  0.1155	19.4213  0.5896	1.5225  0.0649	0.2335  0.0071	-42.5262  0.3311	0.3032562	2	6820.23094474204	10	22490
11273	102.4556  5.9175	127.3511  4.7283	21.5510  0.1581	108.0843  13.1426	0.5052  0.0489	0.2769  0.0220	-52.1583  1.4280	0.5571616	0	12530.5643095035	10	22490
19965	133.4965  0.6401	165.2673  0.4488	18.4966  0.0457	9.5722  1.4055	5.3025  1.0073	0.6138  0.0207	38.8439  4.2794	0.3959712	2	8905.39306265974	10	22490
7339	213.1271  27.3668	115.4490  5.5135	18.0784  0.3348	109.6985  9.8980	0.4277  0.1005	0.8794  0.0956	74.6066  43.7482	0.4791727	2	10776.5935022654	10	22490
7492	55.6664  0.1752	118.0199  0.2689	19.5860  0.4939	375.3996  395.0535	9.6973  2.9259	0.3434  0.0129	29.4382  0.9648	0.5687296	0	12790.7287517219	10	22490
11685	142.3456  0.0000	151.0762  0.0000	23.3510  0.0000	6.075e-03  1.092e-07	5.3741  0.0000	0.4895  0.0000	82.8128  0.0000	0.5063318	2	11387.4016462244	10	22490
11156	156.6848  2546.8093	156.7190  3364.5571	28.2587  2991.6880	51.1751  466006.5000	19.9536  86494.1094	0.0336  75.2311	25.5790  8705.9375	0.7310457	2	16441.2174196868	10	22490
13202	192.0219  2157.1187	122.9990  1074.3716	18.4852  11.9282	1055.2681  11488.3701	0.4114  0.0904	0.0423  0.4604	-63.4454  1.6418	0.283687	2	6380.1204544815	10	22490
17789	134.5120  4702.6968	143.1714  709.4814	20.1155  22.8858	0.0129  15.3871	1.9284  1035.7550	0.5139  289.4475	28.8274  64835.2812	0.4271647	2	9606.93429924372	10	22490
8025	-99 -99	-99 -99	-99 -99	-99 -99	-99 -99	-99 -99	-99 -99	-99	-9	-99	-99	-99
17066	222.4358  43.4583	45.3863  9.1539	17.9085  0.8631	79.6650  17.3545	0.2269  0.0722	0.7759  0.1376	11.8965  15.4083	0.2996491	2	6739.1092440511	10	22490
13813	194.5536  34131548160.0000	156.5701  54527504384.0000	43.8101  4404182528.0000	15.3464  42232197120.0000	4.1465  7209358848.0000	0.0500  17246632.0000	-32.2621  4087771392.0000	1.100803	2	24757.0528816507	10	22490
14978	153.8786  18.8484	189.4942  65.9785	21.2202  1.1623	67.8113  43.1418	0.2192  0.1141	0.2625  0.0928	-13.7314  2.3506	0.3935469	2	8850.86927768818	10	22490
19033	105.4687  0.1704	142.5200  0.1686	22.1066  0.0349	5.4597  0.2994	0.5820  0.1074	0.6532  0.0409	53.6069  5.7402	0.4695536	0	10560.2615629516	10	22490
19718	185.8718  581111.0625	180.6218  752037.2500	30.0811  42201.3203	89.9961  23821560.0000	10.7766  1513743.2500	0.1352  3237.1724	-79.3696  146284.1250	0.4363352	2	9813.17853367291	10	22490
20395	-99 -99	-99 -99	-99 -99	-99 -99	-99 -99	-99 -99	-99 -99	-99	-9	-99	-99	-99
19237	130.6308  0.5557	147.7872  5.8274	19.8779  47.2469	0.0101  0.1923	5.6292  47.8717	0.3645  87.1294	81.0395  7666.7505	0.6045434	2	13596.1819642278	10	22490
12660	170.1954  29.5630	141.9321  0.9800	20.0429  1.4833	322.4238  550.8087	3.3759  4.0212	0.1091  0.0189	-89.3928  0.9814	0.4145314	2	9322.81116595551	10	22490
12690	146.7539  0.5325	112.3861  0.6238	23.0886  0.0691	12.0346  0.8403	0.6454  0.1838	0.3153  0.0342	20.8860  3.5178	0.419218	0	9428.21332087019	10	22490
18650	153.0986  0.0000	152.0098  0.0000	26.0210  0.0000	0.7252  0.0000	1.6042  0.0000	5.506e-03  3.283e-10	-49.7456  0.0000	0.5484275	2	12334.1330690132	10	22490
21022	134.8510  22.6992	134.1366  47.6588	20.3581  1.4915	174.2728  241.7738	0.5561  0.0706	0.0898  0.1241	25.2300  1.2093	0.530679	2	11934.9719787715	10	22490
18894	-99 -99	-99 -99	-99 -99	-99 -99	-99 -99	-99 -99	-99 -99	-99	-9	-99	-99	-99
14379	-99 -99	-99 -99	-99 -99	-99 -99	-99 -99	-99 -99	-99 -99	-99	-9	-99	-99	-99
17532	211.5889  25.8185	80.7731  5.6615	17.9265  0.2585	97.5276  10.2254	0.5551  0.0910	0.7499  0.0403	36.7046  15.8495	0.3969004	2	8926.29069801004	10	22490
19022	200.5059  0.0101	165.0997  0.0505	23.3583  0.0319	195.9611  0.0004	0.0247  0.0063	0.0617  0.0045	-78.9090  0.1528	0.5556974	2	12497.6343196803	10	22490
16079	268.4683  48.6547	-7.1407  31.7814	17.5232  0.3875	195.9333  31.8930	0.2469  0.0482	0.3949  0.0271	39.2666  3.8003	0.2704862	2	6083.2355223039	10	22490
14400	-99 -99	-99 -99	-99 -99	-99 -99	-99 -99	-99 -99	-99 -99	-99	-9	-99	-99	-99
14143	133.1627  0.0407	117.9783  0.0350	19.1496  0.0153	7.5525  0.2679	7.9934  0.4011	0.4757  0.0086	-88.2615  0.6114	0.1848585	0	4157.46803952814	10	22490
14075	131.6187  0.1340	140.9446  0.2590	21.1021  0.1902	36.5460  16.4995	7.4952  1.9287	0.1424  0.0135	11.2900  0.9451	0.3196866	0	7189.75145722168	10	22490
13936	128.0439  162937138293520728064.0000	186.5909  62374832848848814080.0000	26.5413  7699493534541048446976.0000	2.897e-03  3.606e+19	1.0035  9621211020737430683648.0000	6.472e-03  1.680e+20	55.0487  12450143748970487218176.0000	0.7622673	2	17143.3920094642	10	22490
18368	-99 -99	-99 -99	-99 -99	-99 -99	-99 -99	-99 -99	-99 -99	-99	-9	-99	-99	-99
9746	-99 -99	-99 -99	-99 -99	-99 -99	-99 -99	-99 -99	-99 -99	-99	-9	-99	-99	-99
19630	122.3968  6.2032	135.4035  13.5725	18.6740  0.6280	517.9540  294.7503	1.4547  0.1780	0.0422  0.0192	24.4635  0.4873	0.8600195	2	19341.8386080419	10	22490
6941	111.3680  16145.6904	152.7894  20888.6855	30.6594  20659.6582	0.0102  52043.7891	1.9246  55044.2578	0.0501  30224.2148	-41.7818  141041.3125	0.5968993	2	13424.2661819537	10	22490
19464	147.5446  40.4188	144.8929  7.1030	28.0832  8.3455	2.8534  27.3291	8.0280  230.5081	0.0424  1.3938	72.8596  82.6881	0.6019611	2	13538.1054506294	10	22490
13709	122.8689  1809.6364	118.2556  3077.3757	19.6525  0.5662	9.960e-03  4.353e+00	2.0799  665.3162	0.9206  510.1761	-0.8401  17856256.0000	0.4329707	2	9737.51021286772	10	22490
13063	140.0702  0.3406	99.5982  0.2081	19.4239  1.2263	0.0137  0.0652	20.0000  23.6071	0.1166  0.1531	-21.5209  5.9800	0.4517206	2	10159.1953230193	10	22490
19725	-99 -99	-99 -99	-99 -99	-99 -99	-99 -99	-99 -99	-99 -99	-99	-9	-99	-99	-99
15276	156.7169  41529.7695	153.0329  1970225.6250	22.7879  2052.9326	0.0106  201.5774	0.8540  20880.2559	0.8381  17730.5625	-17.4563  15633354.0000	0.2587185	2	5818.57945129052	10	22490
12158	135.2391  14.1348	151.4915  12.8304	21.1729  0.8511	83.4922  65.0176	0.8477  0.1609	0.2450  0.1905	54.1664  3.3726	0.4268253	2	9599.3010147873	10	22490
12253	181.8873  0.0000	187.4763  0.0000	32.8653  0.0000	1.000e-02  9.395e-14	3.2498  0.0000	0.0500  0.0000	67.7532  0.0000	0.5780706	2	13000.8069030733	10	22490
21097	144.4710  417102.3750	194.9048  354814.8750	28.6546  20503.1641	25.5662  746587.5000	2.6993  113164.9922	0.0170  760.5660	49.6229  85555.7656	0.4530906	2	10190.00811335	10	22490
11588	155.2891  61.0438	152.2374  109.2055	26.7882  279.3105	15.7696  13871.5654	19.4432  8881.5576	0.1145  20.9020	25.9552  1491.1853	1.075069	2	24178.2950106599	10	22490
20465	146.3496  0.6511	118.0410  0.4952	20.9699  3.8022	0.0112  0.1783	19.8983  84.6121	0.4771  0.9742	29.0805  60.6251	0.6030356	2	13562.27083704	10	22490
21041	134.2982  32.4933	173.4897  93.0355	21.5566  1.7083	73.2214  76.5979	0.4761  0.1381	0.1463  0.1473	19.4644  5.5708	0.6299597	2	14167.7940276425	10	22490
18927	151.2823  6.7802	144.1278  5.2815	26.3074  16.2050	4.4379  438.4894	0.5411  60.3941	0.0228  19.2705	45.8226  71.5334	0.4527376	2	10182.0682527597	10	22490
19325	150.7405  5.6487	150.7418  3.3709	26.7457  1.8194	2.0751  21.4265	0.2427  24.6442	0.4392  5.0292	-88.2629  372.4892	0.5950723	2	13383.1751079891	10	22490
20324	210.1462  227880108032.0000	121.9626  862929747968.0000	34.4051  24594499584.0000	7241.3408  183237213159424.0000	7.8201  247421075456.0000	0.0307  51621464.0000	-0.3411  710973376.0000	0.4031545	2	9066.94431079933	10	22490
6528	-99 -99	-99 -99	-99 -99	-99 -99	-99 -99	-99 -99	-99 -99	-99	-9	-99	-99	-99
15306	159.8934  7.3773	94.5435  24.3404	19.4436  0.4817	270.0360  129.1344	1.0703  0.2236	0.1002  0.0301	0.0187  1.2174	0.30846	2	6937.26621314011	10	22490
6093	154.8130  1588.5214	153.7667  1137.9327	28.1403  990.0765	18.0209  56719.3750	19.0318  29582.2930	0.0359  42.6602	36.5961  7437.8989	0.5907112	2	13285.0954907143	10	22490
19198	-99 -99	-99 -99	-99 -99	-99 -99	-99 -99	-99 -99	-99 -99	-99	-9	-99	-99	-99
19677	157.2471  1149.6359	161.2245  694.1287	28.1337  65.7631	1.3111  647.2075	11.4573  3794.0720	0.0500  5.1703	-63.2550  396.3431	0.6112655	2	13747.3600302552	10	22490
17329	111.0576  0.3707	154.4492  0.5871	17.5001  0.0338	56.8671  1.5439	0.9810  0.0237	0.5456  0.0085	-88.9433  0.5691	0.1482043	2	3333.11475785172	10	22490
11800	163.8713  1320271.5000	161.2908  922570.8750	29.5663  197586.8594	106.0079  22544516.0000	0.5632  123161.3906	0.0170  3231.2026	54.5518  80394.6094	0.4053202	2	9115.65175993597	10	22490
10538	148.6401  1.6269	138.1262  4.8537	23.7926  0.2011	13.5615  3.0193	0.0788  0.4848	0.1783  0.0626	12.8521  5.4549	0.3784817	0	8512.05227625663	10	22490
20635	150.0487  45.8336	144.3985  17.4921	26.2995  2.6762	18.9462  274.4893	0.0398  1.2699	0.1260  0.2622	68.3784  12.9065	0.5424511	2	12199.7268364789	10	22490
19991	128.9089  0.1149	138.9792  0.0335	18.0724  0.0089	15.7832  0.1648	1.3324  0.0305	0.1476  0.0034	-77.7057  0.1594	0.8980851	0	20197.9332674053	10	22490
12798	127.1929  0.0799	103.5005  0.1407	18.3384  0.0100	23.7306  0.1303	0.2457  0.0082	0.3739  0.0038	15.5599  0.3126	0.9572888	0	21529.4252255281	10	22490
13129	147.5938  2.8218	152.6028  97.6794	26.3146  983.5920	0.2803  259328.5781	0.2091  385765.4375	0.9189  742059.4375	-86.7213  2688522496.0000	0.5002006	2	11249.5119750664	10	22490
15547	127.2611  0.0000	150.8954  0.0000	20.7442  0.0000	0.0100  0.0000	1.3800  0.0000	0.9524  0.0000	-24.9660  0.0000	0.3859373	2	8679.73012709255	10	22490
15461	116.9201  139.0886	147.2947  267.2776	23.2055  720.0973	7.308e-03  1.376e+01	18.2195  7069.8574	0.0360  13.5181	-11.5216  1632.9126	2.937511	2	66064.6174234264	10	22490
20934	115.9188  0.4710	120.1935  0.6423	22.9100  0.1365	14.3939  3.2624	2.3352  0.6386	0.6606  0.0488	-2.3860  7.7482	0.6972247	0	15680.5845313843	10	22490
11764	147.5240  0.7487	139.0528  0.5944	23.0243  1.2399	2.4263  3.1123	19.9640  69.4767	0.5523  0.2897	-11.5915  25.5628	0.8475698	2	19061.845060726	10	22490
19192	153.1798  116.0549	152.2959  260.5203	28.6311  216.8375	40.8517  33463.9258	19.7992  6980.7461	0.0596  4.3023	-8.8692  302.0090	1.74201	2	39177.8103637517	10	22490
19212	171.2327  158.9541	140.9549  13.2416	24.4466  3.3609	51.4604  89.6039	0.3914  0.6757	0.0470  0.0545	85.2043  1.6257	0.5519532	2	12413.4273707372	10	22490
18983	197.6308  55.4842	165.7198  35.6571	16.7660  0.5110	266.5012  90.5969	0.4774  0.2495	0.3800  0.1619	46.4925  2.9309	0.490536	1	11032.1553316368	10	22490
19715	-99 -99	-99 -99	-99 -99	-99 -99	-99 -99	-99 -99	-99 -99	-99	-9	-99	-99	-99
11948	136.3117  0.7752	158.4915  2.1410	19.0814  0.1362	17.3349  1.0916	0.5288  0.0409	0.2440  0.0139	24.3871  1.0956	0.4208333	2	9464.53971554433	10	22490
19405	154.1596  2.2475	135.6152  1.2071	19.6104  0.1457	22.3660  0.6553	0.5886  0.0264	0.7450  0.0394	-0.3167  6.3376	0.5165177	2	11616.4832025229	10	22490
18989	120.2520  19010980.0000	142.8158  913380.6875	28.0940  20761.1348	0.0186  6589.4756	1.2743  413214.8438	0.6946  1145908.6250	31.8941  64910800.0000	0.5200015	2	11694.8339736328	10	22490
11999	149.2470  495.8962	150.5075  362.1488	27.1472  4373.3882	10.5761  3250.9565	0.0257  489.2503	0.0260  80.3266	-53.3916  652.1571	0.4819803	2	10839.7364748358	10	22490
12414	152.2718  45.3799	154.0955  35.6589	26.2505  218.1906	9.715e-03  8.251e+00	17.7719  4026.4094	0.5617  58.4588	-20.7311  4734.9556	0.2840258	2	6387.73955335013	10	22490
6989	167.8284  79.9988	144.3168  48.6911	21.5001  1.6171	69.2718  44.4659	0.1928  0.1780	0.8398  0.2223	77.2648  92.8559	0.5223555	2	11747.7753985011	10	22490
16218	154.0004  0.0863	122.3255  0.0413	16.6261  0.0170	20.1606  0.3592	4.9459  0.1417	0.7953  0.0026	53.3173  0.7929	0.1694132	2	3810.10192524565	10	22490
19374	142.1226  0.0286	135.5920  0.0293	17.7086  0.0206	14.2409  0.7985	7.6977  0.2992	0.5391  0.0088	41.2648  0.6559	0.4461411	0	10033.7133447235	10	22490
13467	63.4043  4.6017	-43.5577  12.5320	18.0409  0.2793	64.7729  2.6774	0.7511  0.0513	0.2688  0.0180	-21.9162  0.4470	0.7215036	1	16226.6153702662	10	22490
12368	132.3120  0.1173	123.0425  0.1291	20.8066  0.0279	3.0064  0.1616	3.4514  0.5273	0.7094  0.0405	16.3056  5.0345	1.010114	0	22717.4634696495	10	22490
20438	143.9487  4739.3218	135.5191  1511.2368	34.9737  3501.5452	5.8316  73778.3047	10.2866  103234.2188	0.0500  460.7306	47.8346  33709.6133	0.6338348	2	14254.9441349267	10	22490
20567	164.4962  14.0978	132.4616  1.0609	19.6851  0.3896	38.0936  14.5142	0.0481  0.0148	0.2926  0.0537	85.0193  1.1638	0.6023523	2	13546.9042725732	10	22490
20886	99.9478  4.0155	147.6294  0.4221	23.6283  0.0988	41.8144  3.2439	0.4549  0.1648	0.0684  0.0114	89.2275  0.5713	0.5661712	2	12733.1906122743	10	22490
19443	154.0498  15.2291	152.9039  11.5217	26.9844  2.4743	2.6804  14.6190	0.5843  23.3364	0.1819  9.6548	79.2050  387.6287	0.5473329	2	12309.5162015377	10	22490
10903	128.2509  0.5642	150.5194  0.9800	21.6537  1.9781	169.8860  766.7253	10.7120  13.2627	0.6208  0.0753	-22.6929  8.7108	0.587166	2	13205.3641106479	10	22490
19625	128.7548  2.3696	149.1694  4.0286	24.0908  1.2482	34.8293  230.5206	19.9036  51.2721	0.0471  0.0392	-44.4509  2.6231	0.5556592	2	12496.7754694264	10	22490
12232	150.0726  0.4498	152.4472  1.4052	22.0236  0.1849	7.1228  1.0840	2.3868  0.4505	0.1689  0.0400	1.2414  5.2120	0.4626648	2	10405.3311739882	10	22490
11937	139.2638  39.9719	123.0107  26.7988	20.5386  0.2105	141.8948  24.0000	0.2613  0.0239	0.2532  0.0393	56.6823  3.0480	0.5158987	0	11602.5619769428	10	22490
15249	135.0582  2.3569	228.0023  11.0123	14.4947  0.0907	233.1804  9.4656	0.4387  0.0186	0.3244  0.0099	20.5053  0.6191	0.2808015	1	6315.2258586623	10	22490
13096	281.5052  384.9324	152.5811  11.9323	19.0233  1.5180	343.1601  295.8828	0.5445  0.1532	0.1020  0.0890	-89.2912  1.8870	0.80292	2	18057.6701415517	10	22490
7862	196.1161  3818214.0000	169.3658  2887554.7500	32.7049  2224031.2500	54.0279  300992384.0000	10.1254  16297380.0000	0.2016  477006.3438	57.2375  8687726.0000	0.7245048	2	16294.1130040703	10	22490
16624	209.0834  121.9857	230.1049  153.5957	18.0989  15.7240	25.9167  374.3005	4.2047  27.9262	0.2943  0.2013	-38.1294  3.8508	0.6196946	2	13936.9310628627	10	22490
13628	146.0903  15.0598	146.9955  1.9621	26.4465  1.0422	11.3265  12.0273	0.0787  0.4455	0.0763  0.0955	82.9189  7.6089	0.3948426	2	8880.01063240418	10	22490
5953	154.0689  47.1499	138.6837  39.9073	26.1862  8.0066	9.3763  29.5610	1.4702  10.4771	0.3972  1.8355	-27.0982  193.8761	0.5522022	2	12419.0275678782	10	22490
20534	145.2660  0.1552	150.5476  0.0096	24.8471  2.0754	4.9347  1.4171	0.0187  0.5919	0.0400  0.1314	79.6609  13.2116	0.4654806	2	10468.65950232	10	22490
13620	169.9673  45.6189	214.7655  19.7830	16.2132  0.4343	341.4338  78.9981	0.3828  0.0548	0.2103  0.0391	-72.5702  1.6838	0.6119404	1	13762.5402831812	10	22490
13955	82.3509  0.0882	144.0909  0.1045	20.2771  0.0671	14.5530  2.4453	7.6100  0.9840	0.6150  0.0241	-27.2222  2.0299	0.3384099	0	7610.83865165559	10	22490
14754	-99 -99	-99 -99	-99 -99	-99 -99	-99 -99	-99 -99	-99 -99	-99	-9	-99	-99	-99
20306	147.0927  24.0617	147.6796  18.4943	24.1759  1.2654	26.3452  17.1171	0.5034  0.2838	1.155e-03  9.267e-04	-52.4647  0.0158	0.4801371	2	10798.2823093559	10	22490
15094	147.2253  62.3494	142.7418  92.3760	22.0022  4.3809	47.5683  55.6848	0.2017  0.5426	0.5461  0.7794	32.8990  34.4189	0.2663526	0	5990.26955980949	10	22490
8860	201.8924  26170296320.0000	179.4552  502732816384.0000	32.1504  440443273216.0000	1.000e-02  9.034e+09	6.8670  1301978152960.0000	0.0500  4742199296.0000	-64.0455  401664835584.0000	0.5312392	2	11947.5696401724	10	22490
20223	159.3821  1788396.3750	161.2759  5788701.5000	29.7363  100074.9922	100.8751  8917498.0000	0.2957  3837.0325	0.0748  6179.2812	17.6671  108413.7422	0.5316128	2	11955.9705643391	10	22490
13678	42.5867  42.5280	217.7146  63.4549	14.8031  0.7723	464.4499  233.3259	0.5065  0.2360	0.2124  0.0956	-54.9827  2.2002	0.7791061	1	17522.0964742597	10	22490
12327	123.5588  5.5932	169.1611  26.0387	20.2386  0.6635	52.4032  13.7636	0.2900  0.0934	0.5263  0.0674	31.1480  9.0961	0.4656361	2	10472.1551674179	10	22490
10388	130.5277  25.1461	147.4330  4.2992	23.7634  0.4396	59.8503  1.9054	0.0450  0.0305	0.0531  0.0143	-80.6094  0.7055	0.6447079	2	14499.4811704431	10	22490
11109	145.1622  587.1238	149.6533  381.0508	26.1434  21.3175	26.4882  283.3710	0.1653  2.7448	0.3823  5.6084	54.6265  576.3890	0.5335518	0	11999.5788123105	10	22490
20614	-99 -99	-99 -99	-99 -99	-99 -99	-99 -99	-99 -99	-99 -99	-99	-9	-99	-99	-99
10462	146.5731  8.9440	130.6622  25.0236	24.5889  0.8415	31.4592  42.2124	0.0502  0.1341	0.2113  0.0920	-14.8398  4.9767	0.3287323	0	7393.18834586312	10	22490
17888	19.4754  0.2306	158.3764  0.2636	16.9730  0.1522	108.9063  43.2026	10.7346  1.8446	0.5053  0.0062	-77.8784  0.6527	0.2532198	1	5694.91376580978	10	22490
20292	182.4336  83.6618	140.2543  11.1438	20.8791  2.0590	143.1072  145.0977	0.6977  0.4168	0.3997  0.1303	81.1243  10.6195	0.5844005	2	13143.1672498859	10	22490
18579	147.2257  0.4843	147.2949  0.5142	18.4037  1.6247	392.2863  825.7525	5.3100  2.7025	0.5954  0.0475	42.5691  2.8979	0.6352556	0	14286.8974429829	10	22490
8487	158.7014  66.5107	118.5087  17.6002	21.9607  0.9631	84.7711  40.5795	0.1619  0.0974	0.3921  0.1146	63.9382  11.1826	0.5021217	2	11292.7162347068	10	22490
16025	147.2927  11.6740	143.6919  1.8353	20.0429  90.9261	0.0838  167.9954	2.3076  3667.8059	0.2795  215.1151	-26.2323  20267.9180	0.8429238	2	18957.3558016779	10	22490
20000	140.7733  11123.7754	149.3619  2018.3076	29.3328  336423.8438	14.2510  627184.8125	0.8640  3597794.7500	1.887e-05  2.341e+03	78.0615  342135.6875	0.3612832	2	8125.25778263401	10	22490
20093	-99 -99	-99 -99	-99 -99	-99 -99	-99 -99	-99 -99	-99 -99	-99	-9	-99	-99	-99
20089	173.4766  31.7471	126.0690  5.8149	22.2083  0.7472	50.5523  10.4777	0.7305  0.2001	0.3832  0.1234	75.9759  5.1320	0.5548005	2	12477.4632002629	10	22490
14911	148.2528  3.7000	148.7766  5.0460	27.7344  23.1674	8.4038  553.8314	20.0000  888.7710	0.1452  2.0039	-72.4578  113.6512	0.4286891	2	9641.21693956704	10	22490
20212	191.7697  41.4078	118.8860  15.2377	17.8419  0.7751	165.1395  114.2811	0.6883  0.3384	0.5264  0.2280	10.8569  4.8845	0.8965693	1	20163.8425418685	10	22490
15727	-22.5393  5.5402	182.9634  4.8224	13.3795  0.0545	290.0322  11.9115	0.4200  0.0259	0.3051  0.0160	-77.2648  0.3402	0.09581336	1	2154.84261075647	10	22490
19273	141.6927  2.4271	148.5878  1.2945	22.0276  1.0396	94.2465  126.7432	2.9715  2.0370	0.3184  0.0328	-83.5395  4.0194	0.6051388	0	13609.5728542564	10	22490
10730	134.1189  0.6963	147.0492  2.2950	22.8802  0.2099	9.4658  0.7279	0.3108  0.1105	0.8912  0.1746	86.1657  39.2333	0.5236303	0	11776.4464900218	10	22490
13437	139.4072  7.0187	224.7752  51.1212	16.2080  0.5060	589.1199  166.3572	0.6150  0.0474	0.1194  0.0232	9.4081  0.5577	0.2529128	1	5688.00940773682	10	22490
13331	152.1893  635.2625	153.1139  65.4971	26.3018  45.7625	14.4713  410.5786	0.0553  8.7503	0.2029  3.1510	83.1480  366.4095	0.6746625	2	15173.1589939202	10	22490
19890	164.7734  83257.8906	160.0229  37588.1875	28.2998  48596.3242	85.4278  13043968.0000	12.6872  623803.6875	0.0574  1993.2668	73.6377  248814.0312	2.887228	2	64933.7479233218	10	22490
19889	207.1059  49.2349	121.6537  9.3694	19.4094  0.3715	94.0476  10.7057	0.3887  0.1435	0.8574  0.0808	56.2805  54.1969	0.5147671	2	11577.1111260857	10	22490
18467	84.7411  0.5792	148.2268  0.3872	21.0677  0.9800	169.6099  562.5867	19.9985  19.5382	0.1865  0.0213	62.1789  1.4614	0.553458	1	12447.2694165077	10	22490
12914	131.2116  0.1773	78.5308  0.3897	20.8905  0.0209	26.7909  0.5488	1.1714  0.0739	0.3644  0.0079	3.0646  0.4608	0.3876351	0	8717.91293967571	10	22490
10653	159.4918  55.2818	131.7229  22.2343	22.0937  1.3310	62.9495  30.7523	0.2271  0.1870	0.4592  0.1877	56.1079  15.7540	0.4570715	2	10279.5375522956	10	22490
18908	160.9819  27317.8594	150.3194  8759.6670	29.7509  2310.1589	16.6736  5840.2002	0.5727  485.2294	0.7007  338.3975	51.1511  59191.5312	0.6142845	2	13815.2586634026	10	22490
10625	141.7533  0.0422	128.7078  0.0380	19.3362  0.0101	2.3013  0.0727	4.0262  0.2401	0.7160  0.0235	-66.5374  3.0368	0.4026612	0	9055.85032504596	10	22490
10839	147.8228  52574.8555	148.3559  43815.1328	29.7908  7856.5757	0.0105  251.6802	3.2422  340233.8438	0.0668  7668.0137	-80.5891  433009.0625	0.6192486	2	13926.9004951637	10	22490
12903	147.1981  0.9503	144.1907  0.8775	21.2042  0.0812	16.6315  1.3772	1.0944  0.1245	0.9491  0.0780	58.8892  41.1388	0.7033315	0	15817.9245477715	10	22490
17271	-99 -99	-99 -99	-99 -99	-99 -99	-99 -99	-99 -99	-99 -99	-99	-9	-99	-99	-99
13746	141.9205  1.7882	149.4488  2.5279	24.7747  9.4965	17.7676  567.9589	19.2786  264.7195	0.5503  1.0037	-79.6083  115.5495	0.475647	2	10697.3014370107	10	22490
14683	143.0677  2.2810	184.4382  98.4769	22.9941  1.4947	85.9795  41.1884	0.8060  0.3205	0.1006  0.0740	0.9928  2.2141	0.3045509	2	6849.35053975794	10	22490
11763	154.9468  465.6464	153.6359  592.9203	29.9059  567.1887	81.7903  151611.8281	19.4509  16089.7559	0.0465  8.1654	-52.1275  603.0249	0.5823088	2	13096.1245356417	10	22490
11794	61.3000  23.2735	199.6467  33.9215	20.4976  0.4345	109.1293  24.4191	0.2621  0.0484	0.3827  0.0480	43.9573  3.5490	0.5087596	2	11442.0031298304	10	22490
7521	153.7607  395.7486	147.0828  85.0826	27.8582  240.4509	7.3087  2463.8176	0.0554  201.1658	0.0487  12.2145	-71.7599  638.3021	0.4798774	2	10792.4431329751	10	22490
10572	152.6991  219.1492	151.8400  474.7401	28.0308  762.7273	23.8058  60238.9141	18.9140  22200.9023	0.0463  34.2497	31.4423  3055.8823	0.6910933	2	15542.6886039806	10	22490
6948	25.2526  0.3572	61.0794  0.3146	20.2957  2.1824	538.3959  3449.8057	19.9237  25.1241	0.7125  0.0677	-88.3326  8.3461	0.9765619	2	21962.8766972813	10	22490
18818	152.0667  177.7371	147.7620  59.7159	24.8566  8.9077	25.4698  123.5045	0.0639  0.4015	0.4324  0.6205	-87.6555  103.3245	0.5508664	2	12388.9851065785	10	22490
19663	121.1463  0.2691	131.0940  0.1256	20.8765  0.0367	21.2543  1.6061	2.3289  0.1878	0.3032  0.0114	74.7453  0.8090	0.3575228	0	8040.68839104818	10	22490
10086	406.7522  472.7066	107.9369  37.8697	19.4921  2.1948	271.9342  253.8364	0.3393  0.1000	0.0285  0.0205	85.4377  0.2235	0.4523672	2	10173.7383750313	10	22490
18821	102.3485  0.2301	148.4970  0.3772	20.7362  0.0418	11.0865  0.2857	0.7171  0.0456	0.5303  0.0229	-80.9800  2.1932	0.4190774	0	9425.05153070042	10	22490
20190	163.7047  4369.1621	161.7265  11505.8037	28.5637  4927.9434	23.8711  382828.0000	15.3202  123451.6328	0.0219  222.2988	20.7942  24762.7402	0.5697591	2	12813.8810676944	10	22490
11897	155.6768  0.0000	155.2852  0.0000	32.2045  0.0000	5.155e-04  2.998e-19	1.6287  0.0000	0.0722  0.0000	-27.1497  0.0000	0.4871434	2	10955.8556476562	10	22490
17260	101.5753  0.0453	147.7668  0.1576	18.5543  0.0187	6.1390  0.1511	0.1176  0.0197	0.7095  0.0182	18.6414  2.1705	0.5142437	0	11565.3401306768	10	22490
16992	191.9284  7086.2627	50.3527  2598.3645	26.7111  413.2484	446.9434  235757.8906	5.8585  2876.6418	0.0457  2.2296	69.8213  98.7711	0.4998054	2	11240.622986199	10	22490
14112	19.8995  21.1608	325.9109  49.5215	14.1098  0.5914	244.3602  107.6263	1.6510  0.6502	0.4692  0.0547	30.0651  3.2978	0.3501863	1	7875.68880505894	10	22490
20344	246.5367  0.0000	189.2976  0.0000	74.8277  0.0000	76.6008  0.0000	4.6525  0.0000	0.0500  0.0000	-3.4298  0.0000	0.5588952	2	12569.5526511784	10	22490
10160	158.5144  734.7928	148.1877  622.8976	22.5465  5.2423	1122.8303  5246.8208	1.2860  1.6883	4.198e-03  1.691e-02	-49.7118  0.5539	0.6932272	2	15590.6789829843	10	22490
20724	147.3445  5.4762	138.9642  2.9197	25.1792  18389.9316	9.6273  81532.5000	9.409e-03  7.023e-02	0.8436  0.5196	-20.8675  169.5789	0.6153604	2	13839.4550745214	10	22490
15710	19.4817  28.2324	190.3916  31.5678	20.0233  0.5949	92.4527  19.9436	0.3735  0.0766	0.4084  0.0359	56.6348  5.7535	0.2264583	2	5093.04723754467	10	22490
6946	116.8018  7.4727	158.2943  35.0070	23.7636  1.1754	32.0939  31.4461	0.0507  0.0548	0.6570  0.3030	26.6821  29.1671	0.6639558	2	14932.3663922506	10	22490
10996	154.4210  233.9299	149.3665  611.7837	27.8323  7.9189	26.4472  1284.8352	10.8970  745.7912	4.574e-03  4.036e-02	-20.6975  3.2027	0.4644991	2	10446.5838958033	10	22490
12682	149.8587  0.1611	133.2351  4.7276	24.2917  0.1975	22.8242  4.7647	0.0879  0.1726	0.0120  0.0026	2.0676  0.1309	0.4243473	2	9543.57048495663	10	22490
15567	79.4002  4.3631	144.8150  0.9644	16.3879  0.7280	376.6400  121.0376	0.8416  0.0609	0.1782  0.0153	-81.9660  0.6936	1.031556	0	23199.6904322393	10	22490
14137	140.5621  0.0278	151.7184  0.0498	17.8972  0.0113	2.3594  0.0540	2.5148  0.1387	0.5958  0.0150	21.4318  2.1252	0.3519742	2	7915.90068000487	10	22490
13915	-99 -99	-99 -99	-99 -99	-99 -99	-99 -99	-99 -99	-99 -99	-99	-9	-99	-99	-99
10439	153.7266  2870.7896	156.8091  2045.6748	30.6989  1118.5051	8.2398  27772.1074	14.8784  52291.1328	0.5753  300.8312	-22.3644  41913.8438	0.6682817	2	15029.6567899286	10	22490
6624	269.0957  280.5119	190.3104  209.0344	18.6040  37.5234	3387.2163  340266.8438	19.2568  824.4698	0.0574  0.0484	-53.1963  1.1272	0.777705	2	17490.5850391971	10	22490
20860	149.0732  0.0000	148.0872  0.0000	29.1723  0.0000	0.0125  0.0000	1.2099  0.0000	0.0760  0.0000	48.5509  0.0000	0.5152729	2	11588.4868631364	10	22490
15669	171.1765  47.6441	120.9133  23.0786	20.4040  0.5518	146.0672  65.2525	0.3898  0.0218	0.1790  0.0783	63.7358  2.1488	0.2627718	2	5909.73853907296	10	22490
10274	105.7497  4.6487	156.9995  9.2842	22.7135  0.3583	33.5535  8.8725	0.0500  0.0235	0.6350  0.0351	54.7897  11.9534	0.3335356	2	7501.21556721579	10	22490
18585	130.4827  6.4788	149.7546  6.3684	25.5317  56.7107	0.0124  2.9669	19.7815  1223.9076	0.2803  9.5938	26.3523  427.0591	0.4946762	2	11125.2672365541	10	22490
7664	144.6979  0.0000	149.9442  0.0000	27.3653  0.0000	1.0904  0.0000	0.0634  0.0000	0.0448  0.0000	72.8029  0.0000	0.4996355	2	11236.8015104083	10	22490
18261	134.6477  3.6476	139.7915  1.6249	25.7840  4661.0269	19.8563  42621.2383	0.0232  0.0245	0.3223  0.1277	62.5618  9.5144	0.6880533	2	15474.3185419499	10	22490
14169	147.2216  107.0727	155.0951  40.1654	27.3805  68.8772	66.6185  16502.4023	14.0958  1519.1624	0.0451  1.4094	-81.8502  86.3732	0.3757833	2	8451.36655275601	10	22490
18581	152.9003  384.2650	152.2839  142.7134	27.3768  1483.4099	8.9687  41959.9414	19.9979  72248.1562	0.0151  19.0957	61.8751  1276.9185	0.4084795	2	9186.70403134264	10	22490
17102	147.0156  3.2795	184.3846  64.7795	20.2876  5.6441	400.3807  2921.7166	4.3554  20.3424	0.1472  0.0566	1.6214  3.0634	0.532707	2	11980.5803185112	10	22490
19056	150.2311  51.9087	153.3799  19.8533	25.7972  7.4158	9.5325  477.6647	0.0419  4.6115	0.0931  0.9155	-71.4991  27.0141	0.4993909	2	11231.3004453758	10	22490
16923	-99 -99	-99 -99	-99 -99	-99 -99	-99 -99	-99 -99	-99 -99	-99	-9	-99	-99	-99
10268	85.4877  0.1285	146.3575  0.1209	21.6148  0.0283	3.5080  0.1964	1.1771  0.1337	0.7897  0.0512	-70.2141  10.9610	0.388567	0	8738.87091365582	10	22490
12048	158.2691  1307.0208	159.4877  1929.4569	21.1844  12.7741	684.1990  7917.7432	0.3748  0.0872	0.0166  0.1917	-34.1200  0.7760	0.4961957	2	11159.4406510227	10	22490
11237	134.6904  28376118.0000	159.5455  8983964.0000	37.5459  112996608.0000	8.856e-03  3.175e+06	11.6233  1065202688.0000	0.5037  27576624.0000	3.4209  2009492608.0000	1.030398	2	23173.6591052654	10	22490
14247	146.0756  0.0524	78.9754  0.0423	19.3168  0.0084	5.2568  0.1439	6.3867  0.3608	0.4480  0.0112	-86.0740  0.7871	0.2558508	0	5754.0846273225	10	22490
20904	-99 -99	-99 -99	-99 -99	-99 -99	-99 -99	-99 -99	-99 -99	-99	-9	-99	-99	-99
10530	144.8474  1392.7473	138.5367  2347.2747	26.4426  1096.7720	8.707e-03  1.556e+00	1.4232  3754.8425	0.0362  48.7963	-56.3652  67122.3672	0.4407338	2	9912.10379483214	10	22490
12362	164.1140  35169.9688	156.0676  7770.4102	28.6387  1468.8571	17.1000  28247.5703	0.1016  734.6599	0.1286  238.4064	80.9223  28553.6914	1.82431	2	41028.7269586539	10	22490
11040	166.5483  7271002.5000	156.6809  2035585.8750	29.4516  116508.5000	117.8041  12445670.0000	0.3039  4181.0718	0.0443  4641.9819	74.3584  99485.6094	0.8667861	2	19494.0194199323	10	22490
10949	157.5140  16.2952	156.4033  7.8190	21.2223  1.2312	17.7090  7.8406	0.5216  0.2173	0.4233  0.1421	-71.7135  5.7607	0.4476018	2	10066.5637076714	10	22490
11668	151.2495  47.0455	147.0652  13.9051	26.7540  4.4276	6.7655  40.6860	0.3067  27.3146	9.035e-03  7.575e-02	-73.4433  1.3762	0.5861361	2	13182.2010073276	10	22490
12073	112.8989  162.4815	157.4615  186.8542	21.3314  1.2764	152.8651  153.3905	0.1827  0.0591	0.1643  0.1469	42.2000  8.2874	0.5917345	2	13308.1095520406	10	22490
9608	122.1082  0.7376	156.2612  1.1569	20.6566  0.1378	6.2471  0.9500	0.3894  0.0939	0.8751  0.0968	-12.5531  35.8244	0.6440647	2	14485.0145528044	10	22490
13690	130.0112  1.7859	155.1871  3.9942	20.6313  1.6711	142.4980  275.8358	3.5037  2.7953	0.6346  0.0539	-60.4213  8.9787	0.3862282	2	8686.27268758638	10	22490
12286	149.4037  1668.4454	141.4948  544.1169	23.2014  941.9103	0.0101  3.2114	2.9413  3877.8052	0.0453  26.0099	86.9046  3077.5784	0.4524744	2	10176.1480863419	10	22490
13410	158.0535  919817.1875	156.2227  4915990.5000	30.3079  716453.4375	3304.9731  3094040320.0000	5.9300  1185560.3750	0.0500  14325.9551	11.6610  329877.8125	0.3425086	2	7703.01716258102	10	22490
19331	153.8700  5.0609	151.2178  6.8997	22.0317  0.5660	28.6327  15.8672	2.5620  1.1849	0.4660  0.0574	-10.9703  6.2793	0.5897965	2	13264.5239804219	10	22490
18060	570.3183  791.8014	14.6892  231.6088	17.6891  3.1238	349.8092  493.5173	0.2106  0.1902	0.1287  0.0962	72.8682  4.1911	0.4578548	2	10297.1548290645	10	22490
15694	288.2533  67.9575	174.1680  19.6809	15.6932  0.3162	260.8071  25.1169	0.3177  0.0831	0.3860  0.0304	79.0759  4.3240	0.2107118	1	4738.90889813958	10	22490
7504	127.9344  0.1128	121.5930  0.1022	21.1574  0.0271	4.9498  0.1932	2.3765  0.2238	0.7641  0.0412	44.4338  6.6336	0.5800443	0	13045.1975970669	10	22490
20829	-99 -99	-99 -99	-99 -99	-99 -99	-99 -99	-99 -99	-99 -99	-99	-9	-99	-99	-99
16030	181.3772  89.8238	326.7159  230.4774	18.8115  1.6805	169.5307  169.4548	0.1090  0.0943	0.3553  0.1884	-22.6707  3.4987	0.6449313	1	14504.5048736168	10	22490
18880	143.8152  19.1729	147.8892  58.4913	25.1922  2.0108	22.3991  92.4554	0.0476  0.3120	0.3049  0.4777	20.1051  28.4376	0.5743821	2	12917.8521876981	10	22490
20657	128.9322  0.0846	142.9834  0.0621	20.8600  0.0201	3.2907  0.1702	3.4219  0.4712	0.3639  0.0326	62.6586  1.9169	0.4141009	0	9313.12975061827	10	22490
20456	143.1618  0.3078	146.7853  0.3132	24.5821  0.1049	1.5190  0.6760	1.1989  1.8511	0.7769  0.3491	69.7272  49.4846	0.4917516	0	11059.493156474	10	22490
9227	124.8703  20.2006	146.4906  19.8351	22.7701  1409.5092	0.0226  157.8384	4.6430  15655.9863	0.9998  305.2010	-20.3237  56875436.0000	0.7933893	2	17843.3239806121	10	22490
12469	138.5199  2.4879	138.4225  4.5375	21.1395  0.2333	43.4979  9.9647	0.3904  0.1084	0.1086  0.0262	29.1969  0.9979	0.3972549	0	8934.26314227175	10	22490
16780	105.9364  0.0331	140.8092  0.0324	19.0806  0.0092	1.8680  0.0616	4.7557  0.2787	0.8590  0.0245	42.3912  6.3686	0.4381602	0	9854.22372775084	10	22490
13726	125.8929  32.3733	131.2735  24.2376	20.7036  0.4452	114.7576  49.0956	0.3288  0.0374	0.1971  0.0861	53.9256  3.2199	0.1661236	0	3736.11875980149	10	22490
13100	165.4993  3897.7405	163.6905  4259.4316	29.0194  545.6683	6.4533  14507.3740	14.6099  46147.4766	0.4553  202.3761	-74.5988  25202.2441	0.5312573	2	11947.9762230305	10	22490
7002	138.2648  202.8452	155.4256  155.3503	24.4067  10.4543	28.7683  84.8418	0.0597  0.6062	0.3441  1.4624	55.8402  156.7322	0.6023371	2	13546.5606376476	10	22490
18064	238.3577  39.4578	169.9246  10.8085	15.5751  0.3342	348.8828  50.6993	0.3845  0.0606	0.2505  0.0347	78.1252  1.1401	0.4984657	1	11210.4934905629	10	22490
17108	84.7275  26.1513	213.2970  39.0934	16.7926  0.7517	227.9192  64.7535	0.4333  0.1063	0.3350  0.0566	-60.4691  4.4497	2.062842	2	46393.3274863652	10	22490
5934	154.9000  11.9696	97.5949  26.0873	20.1644  0.5262	79.1030  32.5156	0.3849  0.0656	0.0752  0.0296	23.8679  0.5753	0.3942497	2	8866.67495650262	10	22490
20487	157.9899  321.5711	152.4818  545.3661	27.6031  3410.8345	1.000e-02  1.001e+02	12.0792  29705.7266	0.2898  773.9850	-54.0438  28347.2324	0.5057024	2	11373.2481190711	10	22490
12105	88.5006  17.6152	236.8980  99.3584	17.2722  1.1246	153.1265  46.0312	0.1712  0.1110	0.6103  0.2172	-77.6967  10.1107	0.7539049	2	16955.3212680676	10	22490
13874	172.1509  330.0188	167.6308  81.9305	17.5795  1.8167	531.7278  927.1804	0.3835  0.2526	0.1165  0.2094	77.5434  3.6562	0.5328614	2	11984.0524615244	10	22490
20968	154.3222  22.6054	136.4344  28.6393	24.4092  1.7701	24.9184  57.0912	1.0549  2.5841	0.1019  0.2154	34.6664  14.3402	0.6241387	2	14036.8776692655	10	22490
18254	248.5173  19.9528	-109.7621  61.0817	13.6207  0.2861	464.1483  72.8861	0.4143  0.0538	0.1821  0.0242	15.5791  1.2646	0.5323825	1	11973.2833020091	10	22490
12194	188.3235  12.0245	120.9233  4.4285	17.6644  0.2891	66.9062  3.6516	1.1681  0.0870	0.1764  0.0167	69.5710  0.6261	0.3946776	2	8876.29950945862	10	22490
14530	134.6604  0.0572	103.3306  0.0547	17.0187  0.0065	8.1939  0.0773	0.9178  0.0235	0.9498  0.0087	36.7450  6.7638	1.492988	0	33577.2935524894	10	22490
12646	-43.5525  82.6054	267.4418  90.0405	17.9684  0.9252	174.0915  80.5707	0.1308  0.0606	0.3543  0.0476	54.2196  5.6862	0.2626684	2	5907.41319079672	10	22490
20174	-99 -99	-99 -99	-99 -99	-99 -99	-99 -99	-99 -99	-99 -99	-99	-9	-99	-99	-99
19921	149.6790  1.9056	139.7151  1.9223	21.2392  0.6694	75.1785  62.4598	2.2485  0.9255	0.4169  0.0893	24.4481  5.9077	0.7041788	0	15836.9812677536	10	22490
13377	259.3367  131807043584.0000	146.0955  35087134720.0000	38.2610  6618180096.0000	176.1176  2480243998720.0000	9.8343  101179547648.0000	0.8411  232220800.0000	76.6598  82036285440.0000	0.3677886	2	8271.56424155761	10	22490
