# ID	x	x_err	y	y_err	mag	mag_err	re	re_err	n	n_err	q	q_err	theta	theta_err	chi	flag	chi2	nfree	ndegrees_freedom
14247	305.4776  231.8406	324.9037  275.5612	18.7590  1.5542	261.7431  250.5704	0.0831  0.0713	0.1972  0.1019	-39.2796  1.6832	0.7431592	2	16715.1373255749	8	22492
14769	145.7926  51.5563	143.5259  24.5424	25.4221  4.7366	27.0833  118.0482	0.1453  0.1871	0.0619  0.2699	64.4564  4.0407	0.7975228	2	17937.882912364	8	22492
18008	149.0063  5.0388	145.4563  2.0874	29.0320  21.6457	12.5942  430.1290	3.6528  93.6033	0.0500  0.2974	67.1973  27.1572	0.7221045	2	16241.5759521902	8	22492
21210	-99 -99	-99 -99	-99 -99	-99 -99	-99 -99	-99 -99	-99 -99	-99	-9	-99	-99	-99
20316	-99 -99	-99 -99	-99 -99	-99 -99	-99 -99	-99 -99	-99 -99	-99	-9	-99	-99	-99
17108	-99 -99	-99 -99	-99 -99	-99 -99	-99 -99	-99 -99	-99 -99	-99	-9	-99	-99	-99
8487	-99 -99	-99 -99	-99 -99	-99 -99	-99 -99	-99 -99	-99 -99	-99	-9	-99	-99	-99
19921	151.6762  918128984850432.0000	153.1970  1221526548381696.0000	27.3791  1464418894348288.0000	1.000e-02  1.101e+13	2.9007  603093737668608.0000	0.1881  195940434575360.0000	-14.5939  13773122599649280.0000	1.585622	2	35663.8058102069	8	22492
13331	-99 -99	-99 -99	-99 -99	-99 -99	-99 -99	-99 -99	-99 -99	-99	-9	-99	-99	-99
19916	191.9002  162.1628	200.9600  145.9667	15.8596  19.1953	23.3821  24.9126	0.7918  0.6694	0.3156  0.2878	-54.8536  16.2306	0.7336079	2	16500.3096325306	8	22492
9917	503.5517  240.4911	171.8147  21.6676	13.2592  6.0268	87.6222  41.5983	0.9998  0.3538	0.0261  0.0076	-84.8494  0.0976	0.6349872	2	14282.1325243268	8	22492
20709	148.3997  6.2245	140.1724  5.3179	31.6573  20.9273	1.9102  53.2760	2.4473  145.1671	0.0789  5.0643	-66.1051  177.7393	0.8151937	2	18335.3372455227	8	22492
9923	-99 -99	-99 -99	-99 -99	-99 -99	-99 -99	-99 -99	-99 -99	-99	-9	-99	-99	-99
19625	148.7071  0.0000	145.3182  0.0000	31.6125  0.0000	7.179e-03  1.181e-11	0.9906  0.0000	0.2001  0.0000	-26.2149  0.0000	0.766836	2	17247.6752442016	8	22492
12918	145.6396  5358.4097	149.8972  3242.8220	30.1647  1402.3926	18.3596  23550.3984	0.3616  20.1497	0.0240  30.6867	58.8535  168.6657	0.7784826	2	17509.6297071163	8	22492
14683	-99 -99	-99 -99	-99 -99	-99 -99	-99 -99	-99 -99	-99 -99	-99	-9	-99	-99	-99
15094	150.0241  307.2019	149.0631  827.8248	27.9407  37.4490	3.9515  277.6356	0.0421  6.8600	0.1529  5.1114	18.5560  1646.9271	0.8327586	2	18730.406515438	8	22492
10996	-99 -99	-99 -99	-99 -99	-99 -99	-99 -99	-99 -99	-99 -99	-99	-9	-99	-99	-99
16923	150.4377  0.0000	152.5943  0.0000	31.4865  0.0000	1.000e-02  1.580e-27	2.0114  0.0000	0.0500  0.0000	-26.9123  0.0000	0.9860278	2	22177.7361402736	8	22492
13096	149.3381  5.3588	149.4620  13.7312	26.6803  1.6567	12.0952  13.4567	1.0152  1.8220	0.0640  0.0853	-21.5828  6.2289	2.364704	2	53186.933072703	8	22492
11156	-99 -99	-99 -99	-99 -99	-99 -99	-99 -99	-99 -99	-99 -99	-99	-9	-99	-99	-99
16450	167.7883  54.0779	188.4663  127.3533	22.0872  2.5124	65.6112  73.5390	0.3603  0.2771	0.0988  0.0781	-22.4850  2.0886	0.8042386	2	18088.9329747843	8	22492
8386	-99 -99	-99 -99	-99 -99	-99 -99	-99 -99	-99 -99	-99 -99	-99	-9	-99	-99	-99
20934	164.8940  245880032.0000	93.3404  78702552.0000	38.7818  46513116.0000	46.8943  1286949248.0000	5.5215  375330592.0000	0.8856  3877199.7500	6.2914  842425856.0000	0.8254387	2	18565.7665986834	8	22492
12389	147.0534  329.4333	146.5646  589.5038	34.4674  18422.3301	1.4368  50348.9062	18.9729  605031.3125	0.0479  52.4342	-25.7414  7521.4014	0.8191733	2	18424.845604045	8	22492
20905	-99 -99	-99 -99	-99 -99	-99 -99	-99 -99	-99 -99	-99 -99	-99	-9	-99	-99	-99
20724	118.3636  3.7326	143.1727  0.3284	25.6189  0.2087	23.6447  2.8779	0.0645  0.1031	0.0846  0.0124	89.5634  1.0193	0.8150606	2	18332.3433813143	8	22492
12837	143.1195  3.9517	137.3018  8.6994	22.3041  2.6438	1129.0479  3678.0171	3.8846  3.7749	0.0155  0.0046	-24.3341  0.4337	0.7827203	2	17604.9461126481	8	22492
17888	147.5004  0.5243	141.7471  0.2941	23.4373  0.0749	5.8016  0.4083	0.6027  0.1071	0.7974  0.0707	-4.3318  15.6231	0.7042047	0	15838.9718504996	8	22492
6948	149.7297  14.6083	143.3215  22.0894	30.6990  46.8644	0.0777  3.5806	7.2324  147.9517	0.1194  14.5990	53.3163  2579.0508	1.784714	2	40141.7942538625	8	22492
13410	7.5766  2.6520	133.6326  0.4030	21.2335  0.3678	143.5528  58.3485	2.0775  0.4845	0.1995  0.0163	-88.9061  1.5114	0.7765223	0	17465.5392806297	8	22492
16119	151.4998  148.2751	148.4982  152.1512	26.1272  36.2855	8.1077  176.3807	0.0477  0.9503	0.7087  3.0640	0.5540  1034.8921	0.8216537	2	18480.6350087946	8	22492
17271	150.6804  735651072.0000	151.0281  887773440.0000	30.1123  10846070784.0000	0.0108  11216769.0000	2.9946  598442240.0000	0.5902  1395047552.0000	11.6507  29965604864.0000	0.8673124	2	19507.5914419787	8	22492
19663	81.7025  2.5499	159.0712  5.0426	18.4181  2.5570	478.4659  1517.2169	4.2226  5.6066	0.5875  0.0445	-78.5461  4.6802	0.7262504	2	16334.8236244371	8	22492
11540	-99 -99	-99 -99	-99 -99	-99 -99	-99 -99	-99 -99	-99 -99	-99	-9	-99	-99	-99
10439	161.5569  812331302912.0000	161.3125  459397201920.0000	32.3261  501967060992.0000	5.1372  144831365120.0000	0.6885  13489390592.0000	0.4352  5219258368.0000	84.4151  681561489408.0000	0.8439609	2	18982.3689246736	8	22492
16518	150.3600  2.8174	142.6104  2.3855	24.1305  0.6176	7.2579  3.6080	0.8468  0.3789	0.4468  0.2268	27.4249  20.3482	1.573009	2	35380.1178216831	8	22492
8860	-99 -99	-99 -99	-99 -99	-99 -99	-99 -99	-99 -99	-99 -99	-99	-9	-99	-99	-99
17329	120.5442  1.7883	158.3012  2.0703	17.5043  0.1257	161.2269  20.8856	2.0224  0.1817	0.4563  0.0103	-75.1002  1.0551	0.4206381	2	9460.99339412683	8	22492
6109	150.7434  0.0000	151.4366  0.0000	28.5111  0.0000	2.0286  0.0000	0.1780  0.0000	0.2134  0.0000	68.1321  0.0000	0.933539	2	20997.1591291917	8	22492
18581	149.8731  8465398784.0000	154.6753  4271406592.0000	50.5178  7774617600.0000	41.5909  405915008.0000	0.0123  907099136.0000	0.0675  312415104.0000	9.1318  27858923520.0000	0.6805786	2	15307.5739018594	8	22492
18989	154.9031  28.4955	139.1147  29.6921	23.8351  10.7770	5.9573  6.1047	0.7373  1.0299	0.2484  0.4417	39.4905  18.2162	0.8043842	2	18092.2085176343	8	22492
18202	149.0114  4.3071	148.2041  4.4161	27.8102  1.9511	3.5171  7.2643	0.3150  0.8886	0.3703  0.7613	38.9428  56.8296	0.7463933	0	16787.8780763498	8	22492
20614	75.0698  0.5057	135.4442  0.3988	21.3119  0.6051	88.4215  60.9336	2.8418  0.8270	0.6767  0.0577	-39.3127  7.0660	0.7948917	0	17878.7037561112	8	22492
8931	-99 -99	-99 -99	-99 -99	-99 -99	-99 -99	-99 -99	-99 -99	-99	-9	-99	-99	-99
13467	149.1970  10.4371	146.3430  14.1097	27.2493  2.1466	7.7404  13.4740	0.0964  0.1771	0.1065  0.1626	-35.6279  3.8351	0.9877884	0	22217.336612775	8	22492
18585	149.9305  3.7361	148.2834  2.5280	28.0544  2.4382	2.8657  9.0822	0.0124  0.3116	0.2764  0.3568	-55.2094  21.6517	0.7879314	2	17722.154227426	8	22492
12132	151.7138  754875331772416.0000	142.5508  859549187702784.0000	30.6726  467539670859776.0000	1.000e-02  6.951e+12	2.9952  498571916869632.0000	0.3243  112528084434944.0000	-8.5578  8816510222991360.0000	0.7752369	2	17436.6285505849	8	22492
6093	145.1857  58.4551	149.7355  166.1699	32.7545  1823.5563	0.6168  1854.4825	14.7994  39621.0469	0.5810  100.8188	-44.9269  16520.3770	0.8107482	2	18235.3479034019	8	22492
20190	151.3726  594.3449	151.8133  679.0236	27.2699  186.2021	5.5090  577.9546	0.0740  8.0732	0.8774  36.6333	-63.0672  10663.5332	1.252017	2	28160.3574792507	8	22492
16079	174.7792  38.4630	87.2609  8.8400	21.0138  0.7048	64.5894  15.9952	0.5057  0.1104	0.6710  0.1376	60.2579  17.8837	0.782999	2	17611.2143966983	8	22492
10653	-99 -99	-99 -99	-99 -99	-99 -99	-99 -99	-99 -99	-99 -99	-99	-9	-99	-99	-99
13936	150.0663  0.5242	96.5583  0.2748	17.3191  0.9684	1059.1699  1212.3875	5.2033  1.2422	0.5806  0.0246	-8.7333  2.3800	1.158602	2	26059.2811196468	8	22492
12469	157.6331  272.8698	147.1195  9.2911	26.3459  41.2258	8.1030  123.7465	0.4845  5.4260	0.0762  0.8104	88.6788  12.5672	0.7746399	2	17423.2011192381	8	22492
20344	-99 -99	-99 -99	-99 -99	-99 -99	-99 -99	-99 -99	-99 -99	-99	-9	-99	-99	-99
15552	150.7633  21.6213	150.0671  12.6165	27.3343  11.5963	2.6307  5.7471	0.8920  1.8652	0.6138  2.7255	-59.2337  119.5240	0.794011	2	17858.8951493995	8	22492
18983	153.7649  231376381018112.0000	153.4018  860464821043200.0000	32.0685  1303231053430784.0000	3.0086  132708130881536.0000	0.5997  39816557232128.0000	0.2288  20599233576960.0000	26.1685  1935416416534528.0000	0.8380315	2	18849.0032762117	8	22492
11943	115.6029  0.0000	163.6745  0.0000	64.7278  0.0000	1.000e-02  4.579e-27	7.4019  0.0000	0.3600  0.0000	-1.4789  0.0000	0.8017801	2	18033.6387466933	8	22492
19464	-99 -99	-99 -99	-99 -99	-99 -99	-99 -99	-99 -99	-99 -99	-99	-9	-99	-99	-99
16835	152.3307  18.9584	143.7962  9.6686	24.7644  3.9193	9.0099  4.8847	0.5439  0.7073	0.6054  1.0645	-3.0361  79.3778	1.515827	2	34093.9797855152	8	22492
15893	150.6792  0.0000	151.6681  0.0000	27.7856  0.0000	1.5323  0.0000	0.3319  0.0000	0.1941  0.0000	-11.7781  0.0000	0.9049674	2	20354.5271794604	8	22492
19198	150.2973  0.0000	151.4092  0.0000	27.3193  0.0000	1.0861  0.0000	0.6334  0.0000	0.3627  0.0000	29.2079  0.0000	0.810915	2	18239.1004676943	8	22492
18894	147.0375  1.9148	148.4024  1.9874	27.5956  5.4124	9.6988  80.3745	2.8698  21.8888	0.0421  0.0599	43.4017  13.2764	0.8173194	2	18383.1478782395	8	22492
19725	148.4867  272448.9688	151.9927  15394.4014	27.9950  2710877.0000	5.7478  452303.5938	0.3047  55275.6250	0.0517  10392.4648	54.4709  4796779.0000	0.9009411	2	20263.9675564149	8	22492
12704	170.3587  1106469584896.0000	128.0630  4328162066432.0000	27.4395  3106190393344.0000	7.5337  498151817216.0000	0.2557  22755164160.0000	0.8793  41661890560.0000	-4.3129  40546697478144.0000	0.767771	2	17268.7055744394	8	22492
18818	145.2776  289.5746	150.0102  227.5603	27.6037  70.6764	8.6108  252.7120	0.0536  2.1646	0.5158  8.4169	83.2655  967.6266	0.8018966	2	18036.2579325307	8	22492
6528	133.3797  0.0799	73.6379  0.4103	21.9665  0.0552	106.6481  0.0011	0.0461  0.0085	0.3517  0.0356	4.8199  2.4096	0.7742586	2	17414.6232373115	8	22492
7664	143.5560  0.1028	136.5049  0.0640	26.3112  7.5879	26.2548  504.2523	11.9378  72.5411	0.4827  0.3888	21.9328  37.5512	0.7939147	2	17856.7298739763	8	22492
10160	150.4626  5.5247	146.6691  3.3108	24.9776  0.7900	7.8019  2.9403	0.7089  0.3738	0.6539  0.3054	-49.6564  45.2386	0.8014709	2	18026.6825462688	8	22492
13690	-99 -99	-99 -99	-99 -99	-99 -99	-99 -99	-99 -99	-99 -99	-99	-9	-99	-99	-99
20395	151.2148  175.6238	148.1714  181.4558	26.6763  40.8627	7.8645  114.0532	0.1843  4.1292	0.7920  6.4969	6.6043  1651.2534	0.8163166	2	18360.5934712817	8	22492
13393	155.4991  42563904.0000	159.6757  72980440.0000	31.2045  48395136.0000	3.3978  7890385.0000	0.7604  700627.0000	0.5259  1227399.7500	-19.1918  84047368.0000	2.125044	2	47796.4951341732	8	22492
18294	145.5281  15.1358	145.0500  0.2448	28.4859  0.2111	1.0237  3.6770	0.1228  0.6751	0.2028  107.2076	4.5818  2664.8813	0.8000814	0	17995.429587497	8	22492
7478	139.9725  15.1465	132.5620  34.8079	19.7230  2.5876	1098.9382  2190.4062	1.6510  1.0066	0.0701  0.0242	-23.6053  1.7138	0.802648	2	18053.1587479492	8	22492
10235	180.8050  9922308096.0000	150.7315  2423502848.0000	29.5871  39770714112.0000	1.000e-02  2.346e+08	8.6912  23025491968.0000	0.1202  15813120.0000	-76.2239  283901632.0000	0.790405	2	17777.7884101531	8	22492
9227	120.9412  0.0410	146.7536  0.0422	20.0196  0.0120	9.7943  0.2475	2.3167  0.0512	0.8316  0.0118	-9.5975  3.6450	0.7227339	0	16255.7293141387	8	22492
16030	-99 -99	-99 -99	-99 -99	-99 -99	-99 -99	-99 -99	-99 -99	-99	-9	-99	-99	-99
13437	-99 -99	-99 -99	-99 -99	-99 -99	-99 -99	-99 -99	-99 -99	-99	-9	-99	-99	-99
20587	-99 -99	-99 -99	-99 -99	-99 -99	-99 -99	-99 -99	-99 -99	-99	-9	-99	-99	-99
15585	148.0561  5.1767	150.0647  9.2681	29.7538  639.6548	0.3012  479.5521	19.7627  18920.5410	0.5609  11.5941	-36.9483  876.7181	0.9537089	2	21450.82111622	8	22492
13129	-99 -99	-99 -99	-99 -99	-99 -99	-99 -99	-99 -99	-99 -99	-99	-9	-99	-99	-99
12243	-99 -99	-99 -99	-99 -99	-99 -99	-99 -99	-99 -99	-99 -99	-99	-9	-99	-99	-99
18623	100.0767  0.0228	-16.8519  0.0266	19.4247  0.0244	290.2732  0.0002	0.0531  0.0107	0.1396  0.0052	-17.7649  0.8640	1.336611	2	30063.053769673	8	22492
20223	150.2501  21641170944.0000	152.0229  9304150016.0000	30.7754  22023784448.0000	1.000e-02  8.371e+07	12.1037  4702070272.0000	0.0419  555689536.0000	65.8289  449456480.0000	1.2567	2	28265.6890854603	8	22492
19808	-99 -99	-99 -99	-99 -99	-99 -99	-99 -99	-99 -99	-99 -99	-99	-9	-99	-99	-99
15694	-99 -99	-99 -99	-99 -99	-99 -99	-99 -99	-99 -99	-99 -99	-99	-9	-99	-99	-99
17066	171.9645  217.6280	82.0200  103.7173	19.5587  0.9609	233.5799  176.5112	0.1448  0.0369	0.2104  0.1359	62.8385  5.7011	0.7614506	2	17126.5483269693	8	22492
15669	148.3144  148934.4219	146.1112  42426.0117	27.5225  704748.1250	5.037e-03  1.279e+04	3.2393  4102405.2500	0.0299  330939.0312	73.9521  16288986.0000	0.80475	2	18100.4358453154	8	22492
17744	-99 -99	-99 -99	-99 -99	-99 -99	-99 -99	-99 -99	-99 -99	-99	-9	-99	-99	-99
8188	148.7213  16748.7598	150.0834  34343.0938	33.4689  2551.9575	14.2223  22551.3789	0.8799  1757.7345	0.9661  2570.7563	-30.4573  2583141.0000	0.8642893	2	19439.5940233147	8	22492
10462	-99 -99	-99 -99	-99 -99	-99 -99	-99 -99	-99 -99	-99 -99	-99	-9	-99	-99	-99
14350	14.8613  0.4458	170.3495  3.2908	17.4611  0.2125	22.1896  0.5533	0.7785  0.0258	0.4027  0.0176	8.8498  0.6243	0.7831435	1	17614.4625073399	8	22492
12368	149.6767  12.9680	149.9449  10.8784	28.0130  8.9865	1.8901  21.0152	0.0462  0.5124	0.5524  2.6056	-53.6555  131.4826	0.9010119	2	20265.5594498781	8	22492
21097	142.3664  16.2562	146.6643  17.3560	22.5135  3.6192	948.4577  4359.3818	3.7016  6.1057	0.0175  0.0077	-43.3757  0.5947	0.8362762	2	18809.5240360062	8	22492
12660	82.0063  0.4597	145.5062  0.7197	19.4491  0.1232	170.8872  25.4070	2.3952  0.1889	0.1871  0.0043	-32.6364  0.4027	0.627876	0	14122.1859855946	8	22492
15472	151.0736  2317912796952535236608.0000	152.8208  22410303558963169329152.0000	28.8297  17416746069131968643072.0000	1.6634  12887444398688069222400.0000	0.1586  1489759935224210259968.0000	0.5371  2927993061211767832576.0000	52.1994  52442053270925056409600.0000	0.782227	2	17593.8497608719	8	22492
14978	123.0098  7.1279	151.4708  2.4564	19.4809  7.5075	3877.4570  47782.9297	8.3476  23.4107	0.1308  0.0403	73.3693  2.3404	0.8164821	2	18364.3163716758	8	22492
7862	-99 -99	-99 -99	-99 -99	-99 -99	-99 -99	-99 -99	-99 -99	-99	-9	-99	-99	-99
13746	149.8254  9.5960	150.4539  101.9374	26.5462  3.7269	27.2099  74.4448	0.0971  0.1869	0.0259  0.0533	-5.4166  1.1735	0.8632714	2	19416.7012282561	8	22492
15960	151.7793  141412.5156	151.6974  141904.9375	27.9984  37936.2422	1.9148  175726.9375	0.4856  36290.3516	0.2968  16726.2168	2.4359  53037.8555	0.8214787	2	18476.6976574407	8	22492
13874	-99 -99	-99 -99	-99 -99	-99 -99	-99 -99	-99 -99	-99 -99	-99	-9	-99	-99	-99
15435	163.4167  22.9809	158.9787  26.8279	20.3449  5.8472	11.6951  26.3599	1.9709  2.5530	0.3654  0.1312	-32.0311  8.3364	0.8307009	2	18684.1251711654	8	22492
18927	154.3504  291410610455838720.0000	151.0236  2683283502530560.0000	27.1646  35152404647247872.0000	1.000e-02  6.429e+15	5.1921  484289998217019392.0000	0.0500  1875122994544640.0000	3.3735  41357571533045760.0000	0.7525876	2	16927.2001817828	8	22492
18064	-99 -99	-99 -99	-99 -99	-99 -99	-99 -99	-99 -99	-99 -99	-99	-9	-99	-99	-99
12120	67.1439  0.1896	120.1833  0.2309	22.0585  0.0339	10.9598  0.3982	0.8719  0.0694	0.7782  0.0236	-36.6884  4.8495	0.7523488	1	16921.8281241375	8	22492
11098	146.3855  4.2018	143.4382  1.7397	30.7379  6.8429	1.5081  14.0102	1.8766  64.3232	0.0753  3.4880	43.1903  136.8678	0.7985751	2	17961.5509178041	8	22492
10274	-99 -99	-99 -99	-99 -99	-99 -99	-99 -99	-99 -99	-99 -99	-99	-9	-99	-99	-99
20174	149.3248  46485.9062	149.4002  61043.0352	34.7320  117655.3203	85.7445  10553477.0000	2.8678  119514.7031	0.7338  20388.2520	-5.3456  4630949.0000	0.8346097	2	18772.0424402204	8	22492
21114	151.1482  1411820071625424896.0000	145.3257  1895445621221883904.0000	33.4444  74668775824221536256.0000	5.145e-03  3.201e+16	2.8310  4186667599687319552.0000	0.1550  328879149231898624.0000	-14.1739  43184810118669664256.0000	0.8204668	2	18453.938253028	8	22492
12798	126.7354  0.1252	103.1082  0.2439	19.9015  0.0107	24.2668  0.2150	0.4188  0.0113	0.4927  0.0052	19.2471  0.5749	0.8402387	0	18898.6485744249	8	22492
20567	152.2228  6.8112	139.0255  15.1984	17.2837  3.4829	820.5637  2469.1282	2.5190  2.6517	0.3206  0.0480	-4.4888  3.3880	3.109293	2	69934.227370568	8	22492
13678	146.0122  817146.6250	148.7055  437224.5625	33.1654  64933.9727	35.0559  2111802.7500	0.3266  1466.9753	0.1065  6447.5718	62.3750  127769.3984	1.051546	2	23651.3752131714	8	22492
13783	-101.6259  371.0302	22.0950  359.6115	18.8981  7.4210	112.3840  211.3173	0.4031  0.4439	0.3425  0.2842	-35.5869  26.3965	0.7897757	2	17763.634089881	8	22492
16218	153.3908  0.3675	121.9400  0.0921	18.3286  0.0455	14.4211  0.2442	1.8268  0.0485	0.9157  0.0095	65.4249  6.2917	0.5786142	2	13014.1905130222	8	22492
19644	159.9238  82.3085	143.5634  7.7284	23.3325  3.6201	25.5157  51.2427	0.2511  0.4481	0.3953  0.4721	89.0225  19.9143	0.8908871	2	20037.8323689229	8	22492
11871	-99 -99	-99 -99	-99 -99	-99 -99	-99 -99	-99 -99	-99 -99	-99	-9	-99	-99	-99
20487	149.9301  34435440640.0000	150.8434  1079984896.0000	28.9386  44719980544.0000	1.000e-02  2.667e+07	1.8958  2253348864.0000	0.6423  80275251200.0000	-10.5308  855142825984.0000	0.8137764	2	18303.4588635311	8	22492
12768	132.8112  0.8152	141.1671  0.4625	24.6012  0.1233	8.0138  1.2709	0.8439  0.2532	0.5506  0.0673	88.8828  8.4816	0.7945926	0	17871.9775747871	8	22492
5953	149.5128  2.0999	147.8830  2.2976	29.5467  32.4485	5.8697  476.8924	11.8095  574.6829	0.0969  1.5525	-48.0747  58.1705	0.8258924	2	18575.9724896724	8	22492
8753	147.1047  4.0088	142.1301  1.0490	26.8736  0.6180	6.0676  10.1097	0.0484  0.1655	0.2032  0.0978	-74.2235  3.9017	0.8247736	2	18550.8079283597	8	22492
21069	92.5984  136.6207	122.6877  31.8257	21.4714  0.3736	110.5375  26.2897	0.0544  0.0191	0.2422  0.0645	81.4364  13.9214	1.558999	0	35065.0102321946	8	22492
14450	148.2948  34.7033	146.1531  68.0966	22.6354  4.6021	24.3256  55.1154	0.3570  0.9214	0.3712  1.0121	27.7533  59.2472	4.483697	0	100847.31316406	8	22492
19771	150.4130  156.4501	151.4114  300.1351	28.2737  512.5316	0.9866  46.5616	1.3437  40.9718	0.3122  15.3323	-21.5581  916.0704	0.8917184	2	20056.531559064	8	22492
12327	226.3231  0.0396	260.5593  0.0393	21.2418  0.0587	143.8730  0.0009	0.0517  0.0026	0.0892  0.0061	-45.5036  0.1765	0.7918533	2	17810.3640433111	8	22492
14015	-99 -99	-99 -99	-99 -99	-99 -99	-99 -99	-99 -99	-99 -99	-99	-9	-99	-99	-99
19033	148.2691  256.0563	147.8830  590.1318	34.6506  157758.4531	1.000e-02  4.155e+03	18.9924  1863566.0000	0.8944  2203.2771	-74.1164  703172.3750	0.7875041	2	17712.5426069352	8	22492
13308	149.5338  21170166.0000	151.9599  25622820.0000	28.4644  90863592.0000	0.5936  19481040.0000	2.0748  25966156.0000	0.0500  1383052.7500	34.9086  1046810.3125	0.8778859	2	19745.408939372	8	22492
9608	148.3831  129.0901	136.9805  147.3000	30.1384  21246.9707	2.124e-03  8.293e+01	16.8774  103586.2188	0.2155  137.5567	-79.5122  9596.2295	0.7988932	2	17968.704142942	8	22492
8476	150.4935  34.3135	150.0534  30.4572	27.9502  212.9997	2.5038  834.9993	19.2878  6987.5317	0.7570  5.9092	-84.1209  1990.5581	0.8030499	2	18062.1972274046	8	22492
16307	153.7043  0.0000	157.1627  0.0000	30.8319  0.0000	4.6503  0.0000	0.1658  0.0000	0.6098  0.0000	66.9660  0.0000	0.7689097	2	17294.3172441215	8	22492
10572	148.4763  0.0000	145.1684  0.0000	28.8500  0.0000	0.0449  0.0000	0.3000  0.0000	0.0519  0.0000	-52.2040  0.0000	0.8493344	2	19103.2282635771	8	22492
13709	122.5825  0.0319	118.3212  0.0414	19.5676  0.1596	86.4082  27.7345	7.7297  0.7786	0.9665  0.0238	32.3440  21.9593	0.705165	0	15860.5709692181	8	22492
16689	88.2312  49.3850	196.6368  53.3679	17.9175  4.2000	503.2007  2546.5535	3.7999  13.2285	0.3505  0.1401	-61.6334  7.0552	0.7537992	2	16954.4520052721	8	22492
11973	-99 -99	-99 -99	-99 -99	-99 -99	-99 -99	-99 -99	-99 -99	-99	-9	-99	-99	-99
12914	-99 -99	-99 -99	-99 -99	-99 -99	-99 -99	-99 -99	-99 -99	-99	-9	-99	-99	-99
9277	-99 -99	-99 -99	-99 -99	-99 -99	-99 -99	-99 -99	-99 -99	-99	-9	-99	-99	-99
12158	149.4290  304.3722	147.8968  110.4479	24.3289  72.7841	19.2962  784.4508	0.0462  2.0224	0.2036  4.3070	58.4405  97.4856	0.783874	2	17630.8947896331	8	22492
13100	136.3608  0.0204	123.5389  0.0156	21.7948  0.0200	1.7610  0.0648	2.0966  0.1331	0.9496  0.0288	65.0591  24.3392	0.7974961	0	17937.2813758426	8	22492
20093	153.3979  38399326908579840.0000	151.8048  294593524819558400.0000	31.6795  1417926621767139328.0000	0.6970  108686655686180864.0000	2.4033  69907048078245888.0000	0.0312  4035771925266432.0000	42.0673  72160784922181632.0000	1.127205	2	25353.1052170225	8	22492
17260	101.3258  0.0227	147.2451  0.0252	18.8513  0.0083	7.9569  0.0864	1.8069  0.0251	0.8474  0.0066	72.0627  2.2157	0.7852505	0	17661.8541187684	8	22492
20635	150.8990  1200334.0000	150.3068  8660186.0000	30.2296  3712434.7500	1.1807  929198.8750	3.0741  1014185.6250	0.0564  57001.8672	7.0371  1697304.8750	0.8110887	2	18243.0083871014	8	22492
12066	-99 -99	-99 -99	-99 -99	-99 -99	-99 -99	-99 -99	-99 -99	-99	-9	-99	-99	-99
6792	143.3227  0.0000	144.3027  0.0000	35.6980  0.0000	1.000e-02  3.617e-15	1.9358  0.0000	0.0500  0.0000	20.6718  0.0000	0.7915542	2	17803.6373078	8	22492
19718	153.4630  731790770176.0000	153.8053  1389854064640.0000	29.6252  168101314560.0000	2.5143  525465845760.0000	1.7820  714577084416.0000	0.0500  49693077504.0000	67.3993  531550175232.0000	0.7458752	2	16776.2248286133	8	22492
6946	145.9355  420.0724	150.9292  240.5395	27.9964  73.4187	5.9313  321.0952	0.0444  1.9449	0.1701  1.6268	64.9317  584.8893	0.7909114	2	17789.1794304939	8	22492
12048	144.6735  12.6955	138.0757  20.5026	31.5174  417.7571	7.6699  7441.6221	12.5241  7514.7031	0.2873  15.2933	44.6742  960.0015	0.8069715	2	18150.4033570347	8	22492
18993	144.6879  38.8243	141.9419  14.9027	29.7962  3093.1687	0.0121  58.0299	10.1656  11325.3086	0.5727  45.7679	77.0327  5166.6035	0.8498536	2	19114.9075649894	8	22492
20269	-99 -99	-99 -99	-99 -99	-99 -99	-99 -99	-99 -99	-99 -99	-99	-9	-99	-99	-99
21024	149.0714  7.6323	150.8079  17.0010	28.0357  7.4017	2.5242  13.2505	0.0968  0.6092	0.2903  1.1842	-26.0044  44.9064	1.141265	2	25669.3331590819	8	22492
17532	233.0270  7175.4585	163.2771  4907.3115	18.3216  30.1284	1527.6683  42057.7031	0.3437  0.0947	0.0199  0.5466	-55.6286  1.5371	0.8100137	2	18218.8284888925	8	22492
9449	135.0215  8.8750	220.2351  67.1020	19.1288  5.1776	26.6124  111.0381	3.6005  7.5605	0.0946  0.0275	-7.5636  0.7871	0.7563738	2	17012.3604086429	8	22492
8058	-99 -99	-99 -99	-99 -99	-99 -99	-99 -99	-99 -99	-99 -99	-99	-9	-99	-99	-99
19273	137.9839  59.9068	223.3613  99.7157	18.7282  4.6792	190.1261  1057.8826	5.8426  39.2634	0.3675  0.1391	-36.0347  5.1825	0.8713923	2	19599.3550257801	8	22492
12232	149.7769  6.2559	148.6690  7.5605	27.4270  4.3397	2.7749  14.9627	0.0365  0.5151	0.4579  0.6259	-25.6240  75.1514	0.7914438	2	17801.1530802269	8	22492
19325	146.7681  0.2447	105.5116  0.2268	20.4724  2.9110	1198.2229  5049.2188	7.5506  6.0257	0.4144  0.0696	-18.0792  5.4718	0.8241051	0	18535.7721831539	8	22492
20886	134.3411  37.4951	149.6334  46.1348	22.5948  2.2989	28.3417  29.5327	0.0492  0.0624	0.9945  0.8098	66.7496  2676.7563	0.9707339	2	21833.7478965789	8	22492
20413	51.8990  5.5278	-24.1629  10.6390	17.4542  6.3694	8239.3896  150164.7031	19.9968  85.9635	0.1251  0.0101	-27.9613  0.3813	0.6672304	2	15007.3453987278	8	22492
6624	144.4023  2.6758	147.3825  0.5564	26.5063  1.9007	12.2192  29.1239	1.7013  3.1428	0.2067  0.1782	-89.5351  15.2823	1.923573	0	43265.0130667154	8	22492
19212	-99 -99	-99 -99	-99 -99	-99 -99	-99 -99	-99 -99	-99 -99	-99	-9	-99	-99	-99
19592	-99 -99	-99 -99	-99 -99	-99 -99	-99 -99	-99 -99	-99 -99	-99	-9	-99	-99	-99
16102	123.5976  20.1508	183.7704  89.8341	20.2844  1.9335	67.7398  52.9406	0.2104  0.2084	0.4861  0.1774	29.2057  21.7215	0.8098484	2	18215.1089242707	8	22492
11763	150.0729  186.7402	150.0145  16.6072	27.9771  17.9704	8.6082  137.1054	0.3679  1.5523	0.0119  0.1839	-85.0100  2.9118	0.7984917	2	17959.6747131321	8	22492
18821	-99 -99	-99 -99	-99 -99	-99 -99	-99 -99	-99 -99	-99 -99	-99	-9	-99	-99	-99
13123	142.5732  12.1706	152.0010  24.3281	26.1028  73.4316	15.1985  853.9415	19.0835  2444.2053	0.7238  3.4361	-51.3537  304.3765	0.8189446	2	18419.7015010512	8	22492
19237	130.0867  0.0160	147.1295  0.0143	20.6164  0.0147	1.7951  0.0270	1.5987  0.0457	0.8765  0.0159	67.9020  5.7464	0.7818424	0	17585.1982730916	8	22492
9156	137.0241  5.1425	146.4454  7.3015	23.0533  0.5228	22.7092  10.1684	0.4535  0.1137	0.1512  0.0682	35.8941  1.5824	0.9267277	0	20843.9598632534	8	22492
19192	-99 -99	-99 -99	-99 -99	-99 -99	-99 -99	-99 -99	-99 -99	-99	-9	-99	-99	-99
15710	148.4288  4.9810	145.7020  10.9736	25.0240  0.4721	34.4689  13.3763	0.9085  0.4274	0.0562  0.0230	-24.2356  1.6418	0.8012658	2	18022.0710940701	8	22492
17102	148.0806  97238.1953	150.9051  35071.2617	29.5606  10318.3281	6.2240  271733.4062	0.8277  3194.8840	0.0577  2398.9343	73.2120  22707.9844	0.8452342	2	19011.0060181424	8	22492
14075	110.8167  35.5655	232.8679  172.5398	17.8486  0.6977	235.6834  63.2721	0.4222  0.2930	0.4919  0.1490	27.5598  17.3947	0.7554466	2	16991.5038198847	8	22492
18939	99.3255  0.5476	-44.3272  41.8683	11.1556  4.8248	17.3420  15.3548	0.3851  0.1652	0.1005  0.0431	-0.7548  0.5148	1.111979	1	25010.642884229	8	22492
11237	149.2962  167.3047	150.2094  218.8341	27.6011  85.2020	3.8270  206.1045	0.0443  2.1986	0.9660  13.3101	19.1249  24829.9375	1.133212	2	25488.2035991499	8	22492
18060	-99 -99	-99 -99	-99 -99	-99 -99	-99 -99	-99 -99	-99 -99	-99	-9	-99	-99	-99
20465	150.8732  15797.7666	153.9818  15671.3662	19.9336  2275.6260	10.1174  27056.4863	19.8500  2252.8799	0.0414  93.3080	45.0317  186.8858	0.8256015	2	18569.4277084322	8	22492
19443	142.0629  1525.0807	150.8083  625.7152	30.2056  1574.1646	13.0354  15822.7363	13.0997  34436.3516	0.0472  5.6593	68.3625  205.4566	0.8061846	2	18132.7031962691	8	22492
19489	-99 -99	-99 -99	-99 -99	-99 -99	-99 -99	-99 -99	-99 -99	-99	-9	-99	-99	-99
15614	-99 -99	-99 -99	-99 -99	-99 -99	-99 -99	-99 -99	-99 -99	-99	-9	-99	-99	-99
13893	-99 -99	-99 -99	-99 -99	-99 -99	-99 -99	-99 -99	-99 -99	-99	-9	-99	-99	-99
15461	154.9272  497407343198208.0000	156.6217  229000777564160.0000	30.9195  3702140744761344.0000	1.000e-02  1.014e+13	5.1811  593173571174400.0000	0.3450  3433454370816.0000	89.1378  492047022686208.0000	2.801593	2	63013.4191489722	8	22492
7339	141.9373  217.1056	149.1210  28.2286	28.3867  5308.4658	0.0102  110.7096	19.5742  32490.9336	0.0163  0.5771	-82.7915  52.5532	0.7834441	2	17621.2252938105	8	22492
19997	-99 -99	-99 -99	-99 -99	-99 -99	-99 -99	-99 -99	-99 -99	-99	-9	-99	-99	-99
14530	134.0906  0.0256	102.5014  0.0179	17.9790  0.0064	7.0757  0.0940	2.2380  0.0291	0.9594  0.0081	55.3397  7.7563	1.747389	0	39302.2647202476	8	22492
7492	149.7202  13.6843	151.6312  49.6134	27.8700  7.5016	6.9287  36.5072	0.1335  0.7699	0.0625  0.2201	-15.7383  4.2666	0.7716999	2	17357.0745497343	8	22492
20904	151.3725  89932111872.0000	151.9918  246603776000.0000	28.9628  32792675090432.0000	3.3613  63598063616.0000	0.1541  125138108416.0000	0.2569  69386354688.0000	45.9299  133751354949632.0000	0.8469176	2	19048.8700786773	8	22492
13377	150.1300  6.2685	148.8246  21.4809	27.6354  2.5467	8.0784  16.0122	0.1156  0.2060	0.0366  0.0693	-15.9773  1.0010	0.8088164	2	18191.898065847	8	22492
18880	140.2090  11956.2842	-25.4950  20297.0586	18.4753  8338.7256	1666.9629  6396743.5000	0.0321  1.2229	0.0238  1.1459	-31.1163  16.3671	0.838892	2	18868.3587876868	8	22492
15249	148.3723  29.3481	154.7189  21.0795	23.9694  3.2590	13.0791  24.4275	0.1135  0.1885	0.2801  0.2307	-62.0388  18.1265	0.7481355	2	16827.063846391	8	22492
5934	149.5180  0.2658	146.6867  0.4381	28.2506  1.2472	0.9671  2.5056	3.0825  14.1308	0.1453  2.0763	2.2331  41.1046	0.7587439	0	17065.667534355	8	22492
19331	121.1281  0.9479	111.5213  0.7757	20.6281  1.5264	160.2254  223.7310	2.4556  1.1905	0.7067  0.0657	-49.3216  8.4595	0.850835	0	19136.9798553813	8	22492
14169	-99 -99	-99 -99	-99 -99	-99 -99	-99 -99	-99 -99	-99 -99	-99	-9	-99	-99	-99
20000	146.2735  310.2532	154.5580  885.3267	27.5416  170.4542	5.7159  659.6821	0.0635  7.3106	0.0948  7.5156	19.0864  42.0207	0.6822532	2	15345.2385262219	8	22492
11937	151.8103  3116000083968.0000	148.9683  5907594346496.0000	34.9921  13696639172608.0000	1.000e-02  6.688e+10	2.9994  4985976258560.0000	0.2987  2455698145280.0000	-74.3817  188757269544960.0000	0.8160569	2	18354.7523505136	8	22492
13261	151.1263  2.7291	142.5059  2.7736	21.1816  0.1795	24.6268  1.6267	0.6788  0.0539	0.3096  0.0227	-39.2803  1.2450	0.7432004	2	16716.0619011301	8	22492
11897	150.0874  5.1811	144.9238  6.0145	27.1904  1.9362	4.1421  5.2187	0.2916  0.3750	0.2000  0.1940	-36.1895  12.0096	0.8051034	2	18108.3860611208	8	22492
10086	148.6016  20929.2539	151.9993  78600.2734	31.5419  71132.0156	3.2950  100440.5312	0.6995  91098.0391	0.0287  1884.3627	21.7536  311216.8125	0.8054825	2	18116.9132103066	8	22492
19677	60.2299  0.3032	103.9273  0.2759	22.3711  0.0529	11.7317  0.8855	1.4586  0.1805	0.7103  0.0381	44.7757  5.1919	0.795471	0	17891.7338213911	8	22492
10730	134.0582  5.1712	136.7892  7.7151	21.0592  0.7478	94.2148  68.0041	0.7697  0.0992	0.0758  0.0537	33.9859  0.9365	0.776765	2	17470.9975748164	8	22492
14056	37.1236  0.0921	126.6907  0.0962	19.3943  0.0083	17.1934  0.1487	0.7805  0.0161	0.8261  0.0064	30.6654  1.6504	0.5461048	1	12282.9896569568	8	22492
13620	129.7446  0.0381	149.5733  0.0212	22.2676  0.0330	1.9707  0.1067	2.2676  0.2451	0.8332  0.0505	70.0449  11.5446	0.7901365	0	17771.7487345228	8	22492
12286	-99 -99	-99 -99	-99 -99	-99 -99	-99 -99	-99 -99	-99 -99	-99	-9	-99	-99	-99
20212	148.1453  142344128.0000	159.6370  182908576.0000	40.1488  3938955.2500	82.6938  111073256.0000	1.0332  1610467.8750	0.0500  117710.0469	-37.9987  5279623.0000	0.8987651	2	20215.0240144021	8	22492
8310	148.9758  311.3376	150.2060  364.2233	28.5842  322.2521	4.8196  441.8470	0.1196  23.1545	0.3450  36.9436	52.3466  1068.8524	0.8275254	2	18612.7012573498	8	22492
8023	148.6267  0.4681	139.5155  0.1422	25.5227  11.7688	76.5568  1565.4136	8.0389  39.3899	0.8364  1.1879	5.2823  210.8711	0.8473558	0	19058.7261886369	8	22492
10638	151.3301  359298560.0000	151.0704  200974400.0000	29.2278  1459736704.0000	2.0734  464874880.0000	0.6011  137465776.0000	0.1496  43306124.0000	38.6912  264715649024.0000	0.7640515	2	17185.0457192225	8	22492
19442	147.4875  5.4447	149.2853  9.9226	28.9986  34.1589	14.4679  674.3303	2.3044  61.1810	0.0419  0.6610	39.5210  63.4789	0.8019855	2	18038.2575686584	8	22492
14143	132.5674  0.0476	117.4455  0.0263	20.3921  0.0175	14.2986  0.6487	3.1306  0.1029	0.5691  0.0104	-88.3977  1.1221	0.652022	0	14665.2784595048	8	22492
11109	152.3563  12.0163	150.5272  16.3992	25.1678  1.3386	16.0414  21.4351	0.0474  0.0481	0.1189  0.0787	-35.5982  1.8504	0.7767301	2	17470.2119203768	8	22492
20270	150.7255  8.3944	145.8719  6.9809	27.1899  3.3626	3.4600  7.0050	0.2453  0.4405	0.2631  0.3418	-44.1042  22.3338	0.8081438	2	18176.7705953619	8	22492
19056	-99 -99	-99 -99	-99 -99	-99 -99	-99 -99	-99 -99	-99 -99	-99	-9	-99	-99	-99
11668	146.6068  28.2146	145.9158  22.3714	31.6499  974.8152	16.0625  43682.3359	19.5986  27018.8105	0.0430  6.2024	55.0388  438.4520	0.7849047	2	17654.0752635734	8	22492
12297	147.2709  83.7614	142.7364  143.2338	34.2525  391.8624	2.2517  1399.3723	2.2267  1672.6056	0.4421  145.3963	-16.6415  12975.3525	0.7805986	2	17557.2247800008	8	22492
11936	148.1082  31033.3887	132.3443  22221.8145	30.0252  1543.9452	30.4128  10532.2207	0.1844  160.3994	0.8525  550.4057	33.7827  65147.1641	0.7809378	2	17564.8530069055	8	22492
20438	148.2026  540.6313	146.9216  924.6008	33.5927  2007.0896	16.6912  41363.3320	2.5803  3110.8025	0.4017  293.9939	-27.9622  24866.8359	0.8432722	2	18966.8785188114	8	22492
21022	-99 -99	-99 -99	-99 -99	-99 -99	-99 -99	-99 -99	-99 -99	-99	-9	-99	-99	-99
21180	131.4733  144.7621	126.3951  51.2487	22.7380  0.7706	84.5947  70.7982	0.0563  0.0425	0.2432  0.2223	71.2953  16.2456	1.152855	0	25930.0214792419	8	22492
13675	156.7269  0.0014	50.4930  0.0019	18.8154  0.0047	996.0218  0.0000	0.0551  0.0196	0.0445  0.0016	-30.2396  1.3212	0.7981228	1	17951.3766897881	8	22492
18186	151.4761  996.1129	150.7239  1361.3977	28.7333  554.6814	4.8149  994.6583	0.1109  35.5300	0.5751  49.4804	7.7144  7908.5762	0.923883	2	20779.9773814069	8	22492
10530	149.6091  116.1549	150.2147  129.3405	27.9236  198.2415	2.5393  140.7614	0.1174  14.5142	0.3831  26.1920	47.7668  877.6006	0.7356048	2	16545.2225134714	8	22492
16999	334.8358  306.7779	2.0293  135.5759	18.7587  1.2856	290.8640  234.5689	0.1194  0.0740	0.2110  0.0992	63.2152  3.1142	0.7412771	2	16672.8044415632	8	22492
20089	-99 -99	-99 -99	-99 -99	-99 -99	-99 -99	-99 -99	-99 -99	-99	-9	-99	-99	-99
16401	150.9264  122.7414	-20.1322  602.8681	18.2370  7.2354	709.1036  5410.6172	1.4447  1.6999	0.0704  0.5231	-13.9833  4.3831	0.8102061	2	18223.1563993925	8	22492
17296	-99 -99	-99 -99	-99 -99	-99 -99	-99 -99	-99 -99	-99 -99	-99	-9	-99	-99	-99
11794	149.5377  0.3606	140.4957  0.7569	27.6766  30.0412	50.2527  4544.9844	19.9159  502.2472	0.1648  0.6360	-29.4961  41.3938	0.8152952	2	18337.6206398647	8	22492
7504	127.7263  0.1415	120.6306  0.1475	22.1855  0.0281	7.5594  0.3674	1.4752  0.1088	0.9364  0.0323	18.8170  22.4613	0.7749862	0	17430.9899831414	8	22492
7663	152.9838  2910189312.0000	149.6683  325601184.0000	30.8443  98840453120.0000	1.000e-02  3.550e+08	4.4194  25350494208.0000	0.7976  285917920.0000	-69.0572  32950646784.0000	0.7640633	2	17185.3113611775	8	22492
6479	149.9695  7447425024.0000	137.9464  3825239808.0000	51.1590  1924545773568.0000	1.000e-02  4.102e+10	16.6889  13385743728640.0000	0.1068  7972710400.0000	22.9184  368974987264.0000	0.7793492	2	17529.1229901372	8	22492
21187	149.6438  0.4710	112.9815  12.8616	23.9221  4.6239	391.0595  2328.9666	3.4167  8.2346	0.0196  0.0170	1.9848  0.9719	0.8633513	2	19418.4989475082	8	22492
19261	150.3785  0.3893	141.0887  0.2967	22.0774  0.1154	9.0716  1.4450	1.7345  0.1194	0.5316  0.0608	18.9972  5.3323	0.7906607	2	17783.5412607787	8	22492
19630	150.4101  176.5380	148.8983  168.2932	27.3174  124.4617	3.6253  233.7529	0.0391  2.6385	0.6211  23.6585	16.8034  1544.3666	0.937806	2	21093.1332670549	8	22492
13344	152.2483  0.1386	106.6507  0.0496	17.8875  0.0916	6.9550  0.9987	7.9719  0.9233	0.7297  0.0066	55.7504  0.9326	0.5836356	2	13127.1331119272	8	22492
15547	126.9645  0.2221	151.7328  0.5150	20.4603  0.1094	8.7309  0.4662	1.8278  0.1205	0.7600  0.0258	-52.0466  5.5584	0.7653971	2	17215.3111299165	8	22492
19642	111.7310  1326.9708	150.3746  1068.4021	19.9885  677.6680	732.8279  228699.2344	0.0412  0.0317	0.0488  0.0163	-51.4040  5.0108	1.008284	2	22678.3145585856	8	22492
7258	-99 -99	-99 -99	-99 -99	-99 -99	-99 -99	-99 -99	-99 -99	-99	-9	-99	-99	-99
9583	296.5440  173.0502	147.6810  13.7830	19.0173  3.1169	100.1566  52.7838	1.2328  0.8287	0.0275  0.0114	-85.4501  0.1926	0.7658076	2	17224.5446850556	8	22492
12448	150.6929  6.9111	147.4718  4.6996	23.3310  2.3039	32.1065  76.7659	1.4972  0.9200	0.4084  0.9141	42.1596  24.2272	0.9411956	2	21169.3714482632	8	22492
20324	151.1142  0.0000	152.4544  0.0000	29.9930  0.0000	0.6188  0.0000	0.2606  0.0000	0.9447  0.0000	77.4429  0.0000	0.7998638	2	17990.5368112535	8	22492
15491	152.0354  1617.6097	149.1537  2326.1714	27.7011  1214.9221	4.7499  2055.7861	0.0646  40.5152	0.3042  48.5922	-8.0484  6351.0859	1.86143	2	41867.2885436025	8	22492
13202	147.9394  12.1519	136.0768  7.3297	26.8495  1.3203	10.0612  10.8119	0.1085  0.1433	0.0818  0.0771	58.8859  2.2081	0.8021728	2	18042.4711734307	8	22492
14112	107.5107  15.4393	666.2552  855.4596	14.1205  9.6952	182.1870  94.8797	0.6609  0.3626	0.1346  0.1003	-1.0246  1.0824	0.7124819	2	16025.1425371442	8	22492
11685	149.1279  11.9186	156.5214  57.8683	26.6704  5.9396	10.4720  41.3997	0.0941  0.2734	0.0493  0.1263	-11.6056  2.0627	0.7979772	2	17948.1035511692	8	22492
6989	145.1072  5.9484	132.2083  11.6746	21.4114  0.4967	297.8579  156.4137	1.6500  0.4378	0.0552  0.0083	-26.7569  0.6760	0.8180172	2	18398.8442198212	8	22492
7002	150.3515  34.3444	148.5170  34.2781	27.8117  42.6830	2.3315  28.0100	0.0342  1.3702	0.4153  5.4968	-5.8085  454.7748	0.9240234	2	20783.1353867617	8	22492
11764	147.1486  0.8553	138.5089  0.3169	24.1910  0.1902	6.9926  2.0144	1.1628  0.3196	0.5490  0.1024	-72.9531  13.3088	1.621194	0	36463.8843167071	8	22492
11800	-99 -99	-99 -99	-99 -99	-99 -99	-99 -99	-99 -99	-99 -99	-99	-9	-99	-99	-99
10388	102.0842  0.8856	55.1562  0.7095	23.4196  0.0812	19.3470  0.7680	0.1714  0.0438	0.6924  0.0310	-58.3660  5.8969	0.7896463	0	17760.7240987751	8	22492
13619	147.3891  1.8987	143.5354  16.0695	30.1122  152.2895	5.0225  903.1368	15.5680  4369.9629	0.0491  0.8180	7.6999  70.3144	0.7654442	2	17216.3708683573	8	22492
11948	129.5671  3.1853	165.8133  5.6766	18.1059  3.4163	4.9761  46.4617	19.8550  66.0011	0.1772  0.0163	30.7314  0.8221	0.7100679	2	15970.8468436906	8	22492
19098	-99 -99	-99 -99	-99 -99	-99 -99	-99 -99	-99 -99	-99 -99	-99	-9	-99	-99	-99
16780	150.4397  287069088.0000	153.6263  1076544640.0000	30.1257  150951120.0000	5.3082  27578014.0000	1.6032  602715712.0000	0.0404  36070412.0000	74.0623  546616448.0000	0.9165584	2	20615.231802906	8	22492
9536	-99 -99	-99 -99	-99 -99	-99 -99	-99 -99	-99 -99	-99 -99	-99	-9	-99	-99	-99
17615	141.6993  455456391168.0000	162.3229  57530331136.0000	32.1056  645146017792.0000	1.000e-02  5.878e+09	14.5897  795663990784.0000	0.0500  60179252.0000	-87.0725  5095258112.0000	1.193526	2	26844.7844319708	8	22492
18813	137.0070  0.0409	73.1146  0.0387	19.7182  0.0089	8.5564  0.1392	2.1217  0.0378	0.9709  0.0115	-48.0740  14.3243	0.6405212	0	14406.604076071	8	22492
15183	-99 -99	-99 -99	-99 -99	-99 -99	-99 -99	-99 -99	-99 -99	-99	-9	-99	-99	-99
11292	154.8526  0.0000	156.0540  0.0000	28.4303  0.0000	1.000e-02  4.341e-26	2.8049  0.0000	0.0500  0.0000	-32.3452  0.0000	2.613761	2	58788.7231587843	8	22492
10538	148.6762  692405.0000	153.5028  970079.8750	30.6317  433769.2500	8.8149  3674993.0000	3.3834  226569.2344	0.0498  17850.9355	34.9513  156753.2500	0.753266	2	16942.4578346908	8	22492
20306	150.9469  0.0000	150.2923  0.0000	28.9608  0.0000	0.7163  0.0000	0.6676  0.0000	0.6527  0.0000	-33.3036  0.0000	0.8305265	2	18680.2027409199	8	22492
12737	138.7420  0.0578	120.4613  0.0378	21.0623  0.0165	4.5053  0.1113	1.4469  0.0374	0.9601  0.0177	66.3509  19.5755	0.7370646	0	16578.0563894918	8	22492
20427	144.3578  51154567168.0000	147.3342  3583520000.0000	36.6331  600378048512.0000	1.000e-02  1.976e+09	2.5901  260500684800.0000	0.0500  8781021184.0000	-79.3578  1684965425152.0000	0.8286334	2	18637.6212733027	8	22492
20948	148.4501  9.8836	140.9252  18.4425	26.9639  3.1275	10.7253  53.6178	0.0449  0.2162	0.0923  0.2707	27.1972  4.1192	0.8184375	2	18408.2969143975	8	22492
10903	149.1080  0.3606	147.6399  0.4134	27.4731  0.3042	2.4202  15.9931	0.0185  1.2165	0.5845  0.1925	-3.3236  17.5500	0.8178068	2	18394.1108449336	8	22492
10220	206.7199  670.0208	103.5866  988.4599	21.8441  16.7478	83.0509  824.5325	0.0628  0.5528	0.0827  0.4242	-33.5647  5.9090	0.7977853	2	17943.7866458258	8	22492
20657	127.4621  0.0879	142.9399  0.3732	19.3204  0.4900	495.0064  333.1602	5.0663  0.9625	0.2292  0.0080	-16.1238  0.7217	0.6794539	0	15282.2773698573	8	22492
12253	157.8253  983.7578	153.5778  551.9257	23.9915  99.4682	21.3276  1188.8861	0.0468  2.7889	0.5968  15.8414	54.0430  840.9039	0.8099321	2	18216.9920780545	8	22492
20572	144.7841  0.2928	143.0242  0.2083	27.5777  0.2198	2.0092  0.2757	0.0622  0.3444	0.3298  0.0798	-57.7311  7.7024	0.8051088	0	18108.5074037353	8	22492
7521	150.5031  50.8511	142.2825  32.3405	28.7141  913.8903	2.280e-03  2.574e+00	19.7293  187.3438	0.1107  25.0992	-34.1104  949.6543	0.7840718	2	17635.3424185805	8	22492
14400	209.5261  131.3351	400.8678  198.9193	14.1684  1.7145	596.1312  1370.0352	2.4600  4.0753	0.3560  0.0564	-46.7133  6.3300	0.4233581	2	9522.16920272436	8	22492
18579	146.0623  0.3563	145.6926  0.4794	23.2715  0.0772	7.0183  0.7129	0.8011  0.1442	0.7044  0.0619	-13.6413  11.0440	0.8354747	0	18791.4975807127	8	22492
13813	151.9535  21005118.0000	152.5262  25780426.0000	29.5603  68372296.0000	2.1037  47523976.0000	0.1624  4397217.0000	0.4590  5564324.5000	-77.8732  555112768.0000	2.946595	2	66274.8131126832	8	22492
12073	149.6318  204.2173	149.6642  456.6412	27.4298  456.2858	3.3333  560.3324	0.0540  14.1472	0.3244  46.1078	35.2761  1183.6709	0.8023026	0	18045.3894749146	8	22492
20860	133.3651  2004.2992	246.3848  2266.0999	12.1692  2921.1953	0.1404  582.9689	19.9848  8440.7656	0.0450  1.6203	-63.8979  22.4818	0.8221753	2	18492.3663292459	8	22492
12682	-99 -99	-99 -99	-99 -99	-99 -99	-99 -99	-99 -99	-99 -99	-99	-9	-99	-99	-99
14379	-99 -99	-99 -99	-99 -99	-99 -99	-99 -99	-99 -99	-99 -99	-99	-9	-99	-99	-99
14754	153.0430  0.0000	131.3078  0.0000	28.1530  0.0000	5.9688  0.0000	0.0493  0.0000	0.0473  0.0000	25.9366  0.0000	0.797718	2	17942.2723322239	8	22492
13806	149.6797  5.5497	148.0757  7.9802	27.9183  2.2003	3.8374  21.0772	0.0261  0.7802	0.1799  0.4381	30.8172  27.7610	0.7962855	2	17910.0543098875	8	22492
10268	150.1225  12.4221	147.6465  6.1957	27.4990  3.2166	4.0710  9.8695	0.1566  0.5202	0.1573  0.3025	62.2554  9.6167	0.7310076	2	16441.8235618291	8	22492
14137	-99 -99	-99 -99	-99 -99	-99 -99	-99 -99	-99 -99	-99 -99	-99	-9	-99	-99	-99
14911	-99 -99	-99 -99	-99 -99	-99 -99	-99 -99	-99 -99	-99 -99	-99	-9	-99	-99	-99
12903	153.4048  20.3488	155.9054  32.7930	22.8760  1.6995	24.3790  24.1970	0.2617  0.1927	0.1737  0.1186	-31.2315  3.5126	1.508453	2	33928.1238224664	8	22492
12414	149.2767  0.2187	148.7629  1.0573	28.1697  0.8435	2.1897  12.3358	0.0127  1.2645	0.4903  0.3325	12.9946  28.1951	0.7938616	2	17855.535412579	8	22492
12194	207.9388  33.5959	109.9103  13.0748	17.5713  4.3658	67.7020  518.0699	19.6358  130.7427	0.1130  0.0201	68.1396  0.8364	0.6904376	2	15529.3220483605	8	22492
8017	-99 -99	-99 -99	-99 -99	-99 -99	-99 -99	-99 -99	-99 -99	-99	-9	-99	-99	-99
8025	150.8172  0.0000	151.7704  0.0000	25.2526  0.0000	1.5989  0.0000	0.1422  0.0000	0.4141  0.0000	22.0261  0.0000	0.7845524	2	17646.1518061102	8	22492
6941	145.3441  2.2570	143.3867  1.2906	27.8993  0.5683	4.6540  1.7372	0.1062  0.3472	0.0506  0.0491	60.7717  5.2277	0.7863426	2	17686.4168825207	8	22492
19715	210.9713  136.0804	65.4254  92.6834	18.4874  1.7830	119.1414  96.6716	0.5494  0.0656	0.1171  0.1003	-55.8197  1.4720	1.536808	2	34565.8926188686	8	22492
12646	166.0652  96.9247	168.7843  105.4775	17.9369  21.7513	11.5555  39.6339	0.5375  0.8697	0.4874  1.0198	-45.2945  17.2239	0.7839437	2	17632.4610891219	8	22492
9741	147.3784  0.0000	143.8281  0.0000	30.6529  0.0000	4.795e-03  6.025e-08	2.0130  0.0000	0.0769  0.0000	85.9449  0.0000	1.273805	2	28650.4199306478	8	22492
9401	136.3747  4.8423	146.3954  6.1942	21.8567  0.6181	40.7191  23.7412	0.7183  0.1244	0.1142  0.0658	38.2091  1.4226	0.9544457	0	21467.3923560713	8	22492
19547	152.5577  2.3893	137.9408  0.9257	24.6345  0.2309	13.9859  0.0359	0.0225  0.0146	0.8388  0.0663	-65.2798  36.6740	0.8165293	2	18365.3779440298	8	22492
11596	138.4397  17.7717	139.9307  6.0173	20.9802  14806.2627	9.975e-03  2.416e+01	3.6158  2710.6021	0.0661  29.2164	-40.9799  7284.4829	0.855516	2	19242.2663961585	8	22492
13474	-99 -99	-99 -99	-99 -99	-99 -99	-99 -99	-99 -99	-99 -99	-99	-9	-99	-99	-99
17291	-99 -99	-99 -99	-99 -99	-99 -99	-99 -99	-99 -99	-99 -99	-99	-9	-99	-99	-99
11273	141.7558  18.0389	129.1957  218.8585	28.8396  36.1349	2.4735  107.1702	0.0613  1.1181	0.0411  4.9368	2.4093  59.9728	0.8225117	2	18499.9329755067	8	22492
17959	151.1796  0.8591	139.2208  0.2647	21.1394  0.1136	10.3225  0.4180	1.3315  0.1088	0.8167  0.0456	-63.4458  9.6447	0.7566425	2	17018.403703909	8	22492
12105	144.4379  0.4392	140.7991  0.6726	25.9296  0.2489	4.9677  1.4535	0.0545  0.1176	0.6895  0.1202	-1.7580  14.8098	1.136902	0	25571.2028614096	8	22492
20100	148.7416  16.5504	149.5771  2.7690	27.2037  38.7856	59.2407  6468.2588	19.4750  1066.7324	0.0344  0.1054	-82.3663  7.6828	0.7944512	2	17868.7961083431	8	22492
9746	-99 -99	-99 -99	-99 -99	-99 -99	-99 -99	-99 -99	-99 -99	-99	-9	-99	-99	-99
7981	149.7681  201315123200.0000	144.8951  3707038334976.0000	35.4114  5219472113664.0000	1.088e-03  3.953e+09	4.1503  1611772592128.0000	0.0500  404841070592.0000	1.5302  8168908783616.0000	0.7806048	2	17557.3633632322	8	22492
20292	-99 -99	-99 -99	-99 -99	-99 -99	-99 -99	-99 -99	-99 -99	-99	-9	-99	-99	-99
19965	145.4028  8.4672	164.6053  17.3812	20.3637  1.9484	16.2843  1.9731	0.7912  0.1417	0.6697  0.0910	-51.7516  24.0866	0.7351518	2	16535.0329001318	8	22492
17088	-121.4367  84.2704	298.0779  73.5407	15.8711  1.2825	145.4348  12.6164	0.7842  0.1355	0.2189  0.0385	51.5653  1.0391	0.7361367	2	16557.1870971688	8	22492
10949	156.6673  40.2960	149.3733  5.4831	23.1862  2.5726	20.1064  17.4935	0.5049  0.4175	0.2592  0.1526	-88.2619  9.3197	0.7779222	2	17497.0268268532	8	22492
5929	156.8165  69.5341	161.6861  117.4711	22.5533  16.9985	11.4173  59.6695	0.4152  1.3654	0.3413  1.0366	-27.1923  24.3820	0.8559723	2	19252.5289485174	8	22492
15567	-99 -99	-99 -99	-99 -99	-99 -99	-99 -99	-99 -99	-99 -99	-99	-9	-99	-99	-99
16624	145.4768  1.1159	147.5183  0.2949	28.7497  30.3216	0.1390  10.5165	10.5098  589.8253	0.1483  1.1876	-76.7496  236.0375	1.589143	2	35743.0131759192	8	22492
13735	140.8260  728.2001	138.3717  132.1320	34.6899  12764.8262	3.6066  42188.3008	18.6296  479194.1875	0.0500  144.1714	-78.0845  7709.0527	1.251595	2	28150.8709614932	8	22492
15306	150.6438  129.2986	146.4259  31.4255	28.6518  3431.5979	0.0332  256.3757	16.9786  28966.8984	0.7585  42.5932	74.9825  3228.6208	0.9075843	2	20413.3861696581	8	22492
18254	-99 -99	-99 -99	-99 -99	-99 -99	-99 -99	-99 -99	-99 -99	-99	-9	-99	-99	-99
16992	180.6239  2385.0234	206.0267  2476.2637	20.2502  12.4365	562.1337  6191.2944	0.1484  0.1230	0.0436  0.4635	-43.9202  1.6678	0.8081802	2	18177.588117986	8	22492
15727	-99 -99	-99 -99	-99 -99	-99 -99	-99 -99	-99 -99	-99 -99	-99	-9	-99	-99	-99
18368	-99 -99	-99 -99	-99 -99	-99 -99	-99 -99	-99 -99	-99 -99	-99	-9	-99	-99	-99
19526	142.1166  0.8331	141.8233  0.1807	27.5795  0.2989	5.3159  10.9809	0.0467  0.2307	0.1101  0.0381	-76.3399  2.1101	0.7941479	2	17861.9751984742	8	22492
11220	150.8238  1529.6515	151.5012  1714.3904	28.9921  770.0024	4.4737  988.3401	0.1202  54.0319	0.6531  161.2945	58.8836  9954.6289	1.126616	2	25339.8587649578	8	22492
19374	141.6031  0.0254	134.8021  0.0359	19.2034  0.0135	14.9739  0.4472	2.9168  0.0499	0.7501  0.0087	48.7779  1.6160	0.7280012	0	16374.2038207416	8	22492
13803	149.9804  3.3532	63.4155  0.8092	17.5894  1.1038	308.6010  230.1970	1.7027  0.4049	0.6449  0.0191	68.2136  1.8262	0.6504557	0	14630.0481283341	8	22492
13726	143.1934  5379.4854	150.1030  80.3381	27.6269  843.7682	59.7062  45186.0898	4.6753  125.7866	6.249e-03  4.614e+00	89.1660  133.3030	0.8012568	2	18021.8680231571	8	22492
19991	128.5437  0.2643	138.6207  0.0718	19.8110  0.0162	27.7722  0.5585	1.1571  0.0381	0.2318  0.0039	-80.2685  0.3127	1.056899	0	23771.7788730437	8	22492
20534	147.5700  56.8892	151.8668  158.5652	29.1658  15.5338	10.8469  133.5352	0.0607  0.8080	0.0304  0.3012	-19.9386  4.3628	0.8121287	2	18266.3983196454	8	22492
19022	154.7888  15.6619	147.6080  6.1817	25.5328  1.0795	20.3395  3.6835	0.0329  0.0587	0.1177  0.0512	-67.6334  2.7567	0.7958552	2	17900.3757671108	8	22492
12337	145.3520  0.6970	73.2918  1.5909	23.0050  0.1295	31.0408  5.8686	1.1795  0.2246	0.3309  0.0304	4.3821  3.2636	0.9047686	0	20350.0550177609	8	22492
19890	148.7401  0.0000	151.1068  0.0000	27.8215  0.0000	1.1570  0.0000	0.0359  0.0000	0.7218  0.0000	-50.4811  0.0000	2.420194	2	54435.001240141	8	22492
20456	148.5485  6.0646	140.8476  5.5824	24.1627  1.5341	24.1700  36.9720	0.8916  0.5463	0.1776  0.2394	44.0433  7.6519	1.22384	0	27526.6011428168	8	22492
16025	146.4604  0.0179	143.8988  0.0275	19.4749  0.0092	5.4871  0.1275	2.3150  0.0423	0.9732  0.0139	49.0505  19.7478	0.7867136	0	17694.7625422872	8	22492
13915	55.4433  0.0383	149.2162  0.1093	19.8822  0.0162	8.9417  0.1533	1.5296  0.0359	0.5629  0.0096	-1.2552  1.0898	0.805252	0	18111.72721384	8	22492
11712	144.1167  12.0554	155.1530  53.3485	26.1479  6.3413	10.2621  55.3831	0.0392  0.1144	0.4969  1.3344	-18.3674  41.2937	0.8303202	2	18675.5631808903	8	22492
18908	-99 -99	-99 -99	-99 -99	-99 -99	-99 -99	-99 -99	-99 -99	-99	-9	-99	-99	-99
16718	156.3350  0.0000	151.6395  0.0000	29.3288  0.0000	2.6882  0.0000	0.3758  0.0000	0.6924  0.0000	19.0009  0.0000	1.24932	2	28099.7140663802	8	22492
19483	149.1191  0.0000	148.6496  0.0000	31.9192  0.0000	0.9870  0.0000	0.3955  0.0000	0.0294  0.0000	-18.4138  0.0000	1.035321	2	23286.4430298505	8	22492
18188	-99 -99	-99 -99	-99 -99	-99 -99	-99 -99	-99 -99	-99 -99	-99	-9	-99	-99	-99
19391	133.6369  0.9340	146.1146  0.7299	24.8812  0.1472	11.3046  0.5635	0.0870  0.0611	0.3980  0.0639	-88.4684  3.8833	0.8109162	0	18239.1276793623	8	22492
13063	-99 -99	-99 -99	-99 -99	-99 -99	-99 -99	-99 -99	-99 -99	-99	-9	-99	-99	-99
14557	146.3914  25.5329	143.3669  12.4404	24.1880  4.9871	116.1348  559.7564	1.6072  2.1871	0.0276  0.1013	64.0820  4.3288	1.065258	2	23959.7728635422	8	22492
12362	-99 -99	-99 -99	-99 -99	-99 -99	-99 -99	-99 -99	-99 -99	-99	-9	-99	-99	-99
13131	154.4231  1.1630	124.8044  0.4407	19.5351  0.1386	21.8090  2.8562	3.2114  0.4234	0.5049  0.0166	56.8692  1.5646	0.7745953	2	17422.1974782581	8	22492
18467	143.4737  0.7702	138.1047  1.7678	25.6416  2152.4019	20.6653  20483.8398	0.0129  0.0180	0.1327  0.0170	-23.4991  0.8383	0.9418268	2	21183.5670724281	8	22492
16167	144.8346  35554124.0000	149.9025  1179983.5000	41.6683  618244992.0000	1.000e-02  4.958e+06	4.6827  1498341376.0000	0.2093  73847584.0000	-86.9120  37150539776.0000	0.7998588	2	17990.4248450962	8	22492
9667	149.4642  3.5960	146.4561  4.0380	27.1242  1.1989	4.3309  14.2625	0.0483  0.3268	0.1885  0.1390	-37.8015  9.9853	0.8048771	2	18103.2953062891	8	22492
12428	150.3236  45.2874	150.5604  34.4107	26.5804  1835.4343	0.0147  43.3507	13.6425  6930.8730	0.0451  0.7080	-52.7376  72.9921	0.8956391	2	20144.7136748964	8	22492
18441	146.1422  3.0242	150.5110  8.6959	27.4313  3.8602	2.5644  15.1183	0.0449  0.4802	0.4959  0.9343	28.7790  62.2044	0.8177006	2	18391.7215031024	8	22492
11999	-99 -99	-99 -99	-99 -99	-99 -99	-99 -99	-99 -99	-99 -99	-99	-9	-99	-99	-99
12715	149.0902  5.8644	144.3363  13.2402	23.0603  0.2112	69.8624  6.6892	0.0480  0.0145	0.0611  0.0074	-23.6204  0.3234	0.782314	2	17595.8068844751	8	22492
10839	161.5710  0.0000	165.0393  0.0000	36.5762  0.0000	1.000e-02  1.559e-29	5.7940  0.0000	0.0500  0.0000	36.6027  0.0000	0.872129	2	19615.9258896767	8	22492
17789	132.6871  0.0489	144.6949  0.0429	20.2805  0.0131	7.1668  0.1297	1.4979  0.0421	0.8417  0.0123	-60.4452  3.6577	0.6785842	0	15262.7145490751	8	22492
11040	150.5798  0.0000	152.3317  0.0000	27.0303  0.0000	1.8441  0.0000	0.0780  0.0000	0.4259  0.0000	-32.1410  0.0000	0.7856145	2	17670.0414230664	8	22492
21041	190.5851  1809177738795462688768.0000	129.7363  1106022284724805828608.0000	29.4913  4342384271509514354688.0000	1.000e-02  9.186e+18	4.5323  512948879295919423488.0000	0.0500  2658027028950810624.0000	60.3588  326508158234593853440.0000	0.9276819	2	20865.4211426205	8	22492
21098	-99 -99	-99 -99	-99 -99	-99 -99	-99 -99	-99 -99	-99 -99	-99	-9	-99	-99	-99
19509	21.1865  0.0837	112.5089  0.0354	20.5232  0.0165	9.4276  0.1802	1.4836  0.0446	0.4018  0.0068	-65.5070  0.5759	0.7366641	0	16569.0489240121	8	22492
20200	148.6299  31.1066	151.6608  60.1430	27.9292  42.1470	2.2129  11.8410	0.9016  8.8671	0.3954  5.0569	34.1049  344.9844	0.7865515	2	17691.1152624217	8	22492
12690	-99 -99	-99 -99	-99 -99	-99 -99	-99 -99	-99 -99	-99 -99	-99	-9	-99	-99	-99
13955	150.6404  6.6157	138.2558  5.2660	27.3882  75.9937	16.6069  2650.2485	17.8819  2027.9794	0.5702  2.0928	15.6862  225.1591	0.7947947	2	17876.5218333618	8	22492
19405	167.4559  8.3757	137.7976  1.7848	18.4396  5.1102	4.2819  47.0208	13.0440  54.9570	0.7886  0.0802	-67.7761  10.4234	0.7993564	2	17979.1235788171	8	22492
10625	141.2532  0.0319	128.0227  0.0379	20.5226  0.0149	5.6289  0.1275	1.7677  0.0383	0.8187  0.0116	-74.0121  3.3410	0.7576377	0	17040.7876264409	8	22492
19889	187.4055  5486940824195199915829649234460672.0000	158.8483  21435664640729616405001076220100608.0000	29.5496  4733526183495979981695080084799488.0000	3.025e-03  4.568e+12	5.3280  3535859588116859529720162680832.0000	0.2542  987960700599242757497407143936.0000	33.1849  28651146712509169582883609654591488.0000	0.7938173	2	17854.5377137327	8	22492
15276	171.2160  88.8091	132.0914  38.2906	18.7913  0.8892	197.6398  143.9635	0.5541  0.4652	0.6653  0.2236	59.0571  25.8098	0.7889757	2	17745.6424337319	8	22492
19540	-99 -99	-99 -99	-99 -99	-99 -99	-99 -99	-99 -99	-99 -99	-99	-9	-99	-99	-99
12811	150.3617  77268533248.0000	153.9843  22333110272.0000	31.9506  6460006912.0000	1.000e-02  1.930e+08	4.4108  27993296896.0000	0.0405  541609216.0000	-54.2657  423799783424.0000	0.7202144	2	16199.0629332859	8	22492
20968	148.8474  3.6988	148.6488  0.4546	27.2010  2180.6938	4.5568  4576.1626	0.0151  0.1623	0.3459  0.2516	-86.1715  12.4074	0.9155591	2	20592.7541965015	8	22492
16268	-99 -99	-99 -99	-99 -99	-99 -99	-99 -99	-99 -99	-99 -99	-99	-9	-99	-99	-99
13628	148.2380  25936.0352	148.3894  45067.1992	34.7429  2278372.0000	1.000e-02  4.052e+04	14.9501  10446020.0000	0.0265  1469.7297	19.0180  159778.3281	0.7778252	2	17494.843794121	8	22492
20829	139.3982  0.2105	96.7867  0.1708	22.4193  0.0893	15.3198  2.4281	2.3969  0.2628	0.6265  0.0336	-85.9999  4.9760	0.8191132	0	18423.4935637085	8	22492
19627	183.1446  11.4829	235.2521  18.2835	20.9474  501.5456	294.2465  67962.2031	0.0173  0.0104	0.1644  0.0087	-29.9514  1.1597	0.8171266	1	18378.8106348442	8	22492
18650	151.1122  9670192190931230502643415646208.0000	170.2273  828735649865166629983852953600.0000	49.3987  2364491315824470587755936612352.0000	1.000e-02  8.487e+19	4.0999  20158695148262084575232.0000	0.7279  780219945566757042916425728000.0000	21.8061  3749019202020040367748117692416.0000	0.8059004	2	18126.3119813555	8	22492
18261	-99 -99	-99 -99	-99 -99	-99 -99	-99 -99	-99 -99	-99 -99	-99	-9	-99	-99	-99
10212	150.2960  13471554514958581497856.0000	160.7179  14705173769488466706432.0000	31.7548  28439502063705048219648.0000	3.6545  12254484863159376019456.0000	0.2109  875013378801068408832.0000	0.6110  1249422385622328279040.0000	-32.0292  27550065907097325797376.0000	0.8024568	2	18048.8576615454	8	22492
11588	140.1856  0.5799	127.4169  0.9294	24.0272  0.1193	12.4907  0.8809	0.1445  0.0574	0.5682  0.0456	9.1242  5.4596	1.238812	0	27863.3546071919	8	22492
